word	word_en	length	freq	freq_cl	val_yf	val_ym	val_of	val_om	val_y	val_o	val_t	aro_yf	aro_ym	aro_of	aro_om	aro_y	aro_o	aro_t	con_yf	con_ym	con_of	con_om	con_y	con_o	con_t	img_yf	img_ym	img_of	img_om	img_y	img_o	img_t	ego_yf	ego_ym	ego_of	ego_om	ego_y	ego_o	ego_t	age_yf	age_ym	age_of	age_om	age_y	age_o	age_t	val_self	val_other	selfother	selfother_sd	selfother_cl	val_age_p	val_age_e	val_age_s	val_sex_p	val_sex_e	val_sex_s	val_axs_p	val_axs_e	val_axs_s	aro_age_p	aro_age_e	aro_age_s	aro_sex_p	aro_sex_e	aro_sex_s	aro_axs_p	aro_axs_e	aro_axs_s	con_age_p	con_age_e	con_age_s	con_sex_p	con_sex_e	con_sex_s	con_axs_p	con_axs_e	con_axs_s	img_age_p	img_age_e	img_age_s	img_sex_p	img_sex_e	img_sex_s	img_axs_p	img_axs_e	img_axs_s	ego_age_p	ego_age_e	ego_age_s	ego_sex_p	ego_sex_e	ego_sex_s	ego_axs_p	ego_axs_e	ego_axs_s	age_age_p	age_age_e	age_age_s	age_sex_p	age_sex_e	age_sex_s	age_axs_p	age_axs_e	age_axs_s
abhaengig	dependent	8	19.464	10	1.5	1.75	1.75	2.083	1.625	1.917	1.771	6	5.583	4.5	4.636	5.792	4.565	5.191	1.917	1.167	2.818	2.417	1.542	2.609	2.064	4.083	3.364	3.333	3.083	3.739	3.208	3.468	3.417	3.667	1.667	2.583	3.542	2.125	2.833	3.917	3.333	3.75	3.091	3.625	3.435	3.532	1.813	2.563	1.917	.22	2	.273	.027	0	.273	.027	0	.875	.001	0	.007	.16	1	.745	.002	0	.522	.01	0	.026	.111	1	.222	.034	0	.71	.003	0	.352	.02	0	.38	.018	0	.67	.004	0	.005	.168	1	.226	.033	0	.487	.011	0	.496	.011	0	.043	.092	1	.899	0	0
abwesend	pre-occupied	8	1.767	14	2.917	3.083	3	2.917	3	2.958	2.979	2.833	2.5	3.083	2.25	2.667	2.667	2.667	1.917	1.917	3.083	2	1.917	2.542	2.229	3.833	3.25	5	3.583	3.542	4.292	3.917	2.583	2.917	1.833	2.25	2.75	2.042	2.396	3.5	3.667	3.583	4	3.583	3.792	3.688	2.813	2.125	1.458	.5	1	.875	.001	0	.875	.001	0	.638	.005	0	1	0	0	.187	.039	0	.568	.007	0	.13	.051	0	.188	.039	0	.188	.039	0	.221	.034	0	.105	.059	0	.494	.011	0	.082	.067	0	.352	.02	0	.917	0	0	.273	.027	0	.127	.052	0	.509	.01	0
aggressiv	aggressive	9	8.319	12	1.083	1.583	1.167	1.833	1.333	1.5	1.417	6.667	6.5	6.833	6.636	6.583	6.739	6.66	3.333	3.75	4.167	2.917	3.542	3.542	3.542	5.545	6.417	5.917	6.083	6	6	6	2.25	3.083	2.5	3	2.667	2.739	2.702	2.667	2.167	2.333	1.75	2.417	2.042	2.229	1.875	1.625	1.125	.333	1	.466	.012	0	.014	.131	1	.715	.003	0	.366	.019	0	.279	.027	0	.928	0	0	1	0	0	.469	.012	0	.151	.046	0	.963	0	0	.209	.036	0	.391	.017	0	.855	.001	0	.15	.048	0	.716	.003	0	.068	.074	0	.01	.142	1	.836	.001	0
akkurat	precise	7	1.695	14	4.083	4.417	6.083	5.833	4.25	5.958	5.104	5.167	4.667	3.833	4.083	4.917	3.958	4.438	5.75	5.273	5.667	6.167	5.522	5.917	5.723	4.417	3.083	5.083	3.75	3.75	4.417	4.083	4.667	4.182	5.583	5.5	4.435	5.542	5	3.25	3.583	3.75	3.917	3.417	3.833	3.625	5.125	4.813	1.625	.441	2	0	.367	1	.903	0	0	.393	.017	0	.041	.092	1	.784	.002	0	.413	.015	0	.264	.029	0	.975	0	0	.18	.041	0	.222	.034	0	.017	.122	1	1	0	0	.007	.158	1	.474	.012	0	.613	.006	0	.069	.073	0	.269	.028	0	.711	.003	0
aktiv	active	5	32.207	10	5.75	5.417	6.333	5.833	5.583	6.083	5.833	4.667	4.917	5.417	5.667	4.792	5.542	5.167	6.167	6.167	6.25	6.083	6.167	6.167	6.167	5.5	5.75	5.917	4.833	5.625	5.375	5.5	6.083	4.833	6.25	5.5	5.458	5.875	5.667	1.5	1.333	2.25	2	1.417	2.13	1.766	6.75	6.188	2	0	2	.013	.133	1	.036	.097	1	.667	.004	0	.134	.05	0	.613	.006	0	1	0	0	1	0	0	.807	.001	0	.807	.001	0	.556	.008	0	.328	.022	0	.121	.054	0	.173	.042	0	.002	.201	1	.411	.015	0	.001	.228	1	.3	.025	0	.835	.001	0
albern	silly	6	2.666	13	4.333	4.75	3.333	2.583	4.542	2.958	3.75	2.167	2.583	3.417	3.333	2.375	3.375	2.875	4.083	3.583	4.083	2.833	3.833	3.458	3.646	5.75	5.75	5.25	5.167	5.75	5.208	5.479	4.75	5.583	2.25	2	5.167	2.125	3.646	2.25	1.583	1.417	2.167	1.917	1.792	1.854	5	5	1.25	.441	1	0	.325	1	.63	.005	0	.097	.061	0	.007	.154	1	.64	.005	0	.484	.011	0	.429	.014	0	.069	.073	0	.429	.014	0	.207	.036	0	.922	0	0	.922	0	0	0	.583	1	.456	.013	0	.17	.042	0	.541	.009	0	.838	.001	0	.001	.217	1
alt	old	3	27.889	10	3.667	3.333	3.917	3.417	3.5	3.667	3.583	2.75	2.75	3.667	3.167	2.75	3.417	3.083	3.833	2.583	2.583	4	3.208	3.292	3.25	6.727	6.333	6.273	6.583	6.522	6.435	6.478	1.75	2	5.583	6	1.875	5.792	3.833	4.75	5	4.75	4.667	4.875	4.708	4.792	3.5	4	1.875	.354	2	.677	.004	0	.3	.024	0	.835	.001	0	.091	.063	0	.521	.009	0	.521	.009	0	.865	.001	0	.865	.001	0	.009	.145	1	.747	.002	0	.896	0	0	.27	.029	0	0	.611	1	.483	.011	0	.86	.001	0	.213	.035	0	.53	.009	0	.213	.035	0
amuesiert	amused	8	4.435	13	6.083	5.417	5.5	5.5	5.75	5.5	5.625	2.5	3	3.333	2.75	2.75	3.042	2.896	4.75	4.583	3.667	4.083	4.667	3.875	4.271	5.833	5.417	6	5	5.625	5.5	5.563	5.25	5.25	4.583	4.5	5.25	4.542	4.896	2.167	2.417	3	2.75	2.292	2.875	2.583	6.125	5.375	1.875	.354	2	.329	.022	0	.195	.038	0	.195	.038	0	.473	.012	0	.918	0	0	.186	.039	0	.06	.078	0	.762	.002	0	.481	.011	0	.764	.002	0	.094	.062	0	.485	.011	0	.052	.083	0	.907	0	0	.907	0	0	.028	.105	1	1	0	0	.336	.021	0
analytisch	analytical	10	1.015	15	3.25	4.667	4.917	5.5	3.958	5.208	4.583	4.583	4.833	4.5	4.75	4.708	4.625	4.667	6.25	5.833	4.75	5.5	6.042	5.125	5.583	2.273	2.833	3.75	3.083	2.565	3.417	3	4.25	4.917	4.583	5.5	4.583	5.042	4.813	2.417	2.667	2.667	2.917	2.542	2.792	2.667	5.375	4.75	1.833	.354	2	.002	.2	1	.011	.138	1	.274	.027	0	.829	.001	0	.518	.01	0	1	0	0	.024	.111	1	.673	.004	0	.144	.048	0	.107	.059	0	.92	0	0	.249	.031	0	.332	.021	0	.097	.061	0	.79	.002	0	.293	.025	0	.293	.025	0	1	0	0
angeekelt	disgusted	9	.341	16	1.583	1.833	1.417	1.083	1.708	1.25	1.479	6.583	6	6.083	6.636	6.292	6.348	6.319	2.417	2.167	3.333	2.75	2.292	3.042	2.667	6.083	6.25	5.333	4.909	6.167	5.13	5.66	2.083	1.833	1.25	1.583	1.958	1.417	1.688	2.917	2.917	2.833	3.333	2.917	3.083	3	1.688	1.813	1.833	.333	2	.024	.11	1	.833	.001	0	.145	.048	0	.775	.002	0	.949	0	0	.021	.118	1	.104	.059	0	.361	.019	0	.714	.003	0	.045	.091	1	.8	.002	0	.562	.008	0	.085	.066	0	.893	0	0	.347	.02	0	.398	.016	0	.208	.036	0	.208	.036	0
angenehm	pleasant	8	10.39	11	6.5	6.417	6.5	6	6.458	6.25	6.354	1.5	1.5	1.417	2	1.5	1.708	1.604	5.333	4.5	4.75	4.167	4.917	4.458	4.688	4	4.083	4.75	4.1	4.042	4.455	4.239	6.25	5.583	5.333	4.909	5.917	5.13	5.532	3.25	2.833	3.417	3.167	3.042	3.292	3.167	6.267	6.5	1.125	.354	1	.361	.019	0	.203	.037	0	.361	.019	0	.409	.016	0	.249	.03	0	.249	.03	0	.356	.019	0	.157	.045	0	.8	.001	0	.516	.01	0	.63	.006	0	.534	.009	0	.014	.132	1	.086	.067	0	.698	.004	0	.139	.049	0	.05	.084	0	.618	.006	0
angepasst	conformist	8	7.722	12	2.667	2.417	4.167	3.75	2.542	3.958	3.25	4.75	4.583	2.583	4	4.667	3.292	3.979	2.5	3.25	5.083	3.833	2.875	4.458	3.667	2.182	3.083	3.417	3	2.652	3.208	2.936	3.5	3.5	4.25	3.917	3.5	4.083	3.792	3.833	3.833	3.833	3.25	3.833	3.542	3.688	3.813	3.813	1.208	.333	1	.001	.228	1	.401	.016	0	.833	.001	0	0	.256	1	.084	.066	0	.03	.102	1	.001	.215	1	.586	.007	0	.034	.098	1	.243	.032	0	.621	.006	0	.183	.041	0	.237	.032	0	.734	.003	0	.734	.003	0	.265	.028	0	.265	.028	0	.265	.028	0
angeregt	inspired	8	8.621	12	5.333	5.417	4.727	5.75	5.375	5.261	5.319	4.333	4.167	3.917	4.5	4.25	4.208	4.229	5	4.25	4.583	4.667	4.625	4.625	4.625	3.667	3.75	4.75	4.583	3.708	4.667	4.188	5.25	5	5.636	4.917	5.125	5.261	5.191	2.5	2.333	2.5	2.583	2.417	2.542	2.479	6	5.563	1.917	.333	2	.679	.004	0	.098	.062	0	.158	.046	0	.916	0	0	.6	.006	0	.347	.02	0	1	0	0	.319	.023	0	.215	.035	0	.073	.071	0	.937	0	0	.812	.001	0	.536	.009	0	.052	.085	0	.339	.021	0	.557	.008	0	.845	.001	0	.557	.008	0
angespannt	tense	10	4.28	13	2.333	2.167	2.667	3.25	2.25	2.958	2.604	6.25	6.333	5.417	5.727	6.292	5.565	5.936	3.667	3.5	4.333	6	3.583	5.167	4.375	4.5	4.583	4.167	4	4.542	4.083	4.313	4	3.25	3.167	3.5	3.625	3.333	3.479	2.75	2.583	2.583	2.417	2.667	2.5	2.583	2.267	2.563	1.833	.441	2	.047	.087	1	.55	.008	0	.285	.026	0	.024	.112	1	.527	.009	0	.714	.003	0	0	.258	1	.07	.073	0	.028	.105	1	.32	.022	0	.928	0	0	.785	.002	0	.516	.01	0	.643	.005	0	.231	.032	0	.448	.013	0	.448	.013	0	1	0	0
aengstlich	afraid	9	6.332	12	2.417	2.25	2.583	2.583	2.333	2.583	2.458	5.5	5.5	5.417	4	5.5	4.708	5.104	1.833	1.917	2.182	2.667	1.875	2.435	2.149	5.417	5.917	4.917	5.333	5.667	5.125	5.396	3.25	2.5	2.75	2.25	2.875	2.5	2.688	3.667	3.667	4.083	3.583	3.667	3.833	3.75	1.75	2.063	2	0	2	.337	.021	0	.748	.002	0	.748	.002	0	.034	.098	1	.056	.08	0	.056	.08	0	.072	.073	0	.346	.021	0	.505	.01	0	.209	.036	0	.287	.026	0	.922	0	0	.34	.021	0	.115	.056	0	.749	.002	0	.41	.016	0	.218	.034	0	.218	.034	0
arrogant	arrogant	8	3.317	13	2.583	2	1.917	1.833	2.292	1.875	2.083	5.333	5.667	6	5.583	5.5	5.792	5.646	5.417	5	5.083	4.583	5.208	4.833	5.021	5	5.083	4.75	5.333	5.043	5.042	5.043	3.5	3	1.5	2.083	3.25	1.792	2.521	2.333	2.5	2.333	2.583	2.417	2.458	2.438	2.063	1.625	1.042	.167	1	.3	.024	0	.406	.016	0	.533	.009	0	.428	.014	0	.91	0	0	.31	.023	0	.445	.013	0	.351	.02	0	.932	0	0	1	0	0	.559	.008	0	.661	.005	0	.002	.202	1	.925	0	0	.222	.034	0	.869	.001	0	.411	.015	0	.869	.001	0
attraktiv	attractive	9	13.839	11	6.667	6.25	5.583	6.333	6.458	5.958	6.208	2.75	3.417	3.5	4.25	3.083	3.875	3.479	4.667	4.75	4.333	4.75	4.708	4.542	4.625	6.636	6.417	6.083	6.167	6.522	6.125	6.319	5.417	5.25	4.917	3.75	5.333	4.333	4.833	2.083	1.583	2.25	1.917	1.833	2.083	1.958	6.438	5.813	1.375	.441	1	.05	.085	0	.505	.01	0	.023	.112	1	.079	.068	0	.115	.056	0	.925	0	0	.728	.003	0	.602	.006	0	.728	.003	0	.14	.05	0	.8	.002	0	.574	.007	0	.002	.193	1	.036	.096	1	.113	.056	0	.257	.029	0	.062	.077	0	.704	.003	0
aufbrausend	quick-tempered	11	.376	16	2.917	2.75	1.667	2.083	2.833	1.875	2.354	6.167	5.75	6.583	6.5	5.958	6.542	6.25	2.917	3.25	3.75	2.25	3.083	3	3.042	4.833	5.833	4.667	4.917	5.333	4.792	5.063	3.5	3.5	2.917	2.5	3.5	2.708	3.104	2.25	2.25	2.417	2	2.25	2.208	2.229	2.688	2.375	1.083	.167	1	0	.252	1	.618	.006	0	.248	.03	0	.006	.158	1	.225	.033	0	.417	.015	0	.879	.001	0	.289	.026	0	.098	.061	0	.349	.02	0	.281	.026	0	.516	.01	0	.109	.057	0	.669	.004	0	.669	.004	0	.869	.001	0	.412	.015	0	.412	.015	0
aufgewuehlt	agitated	10	1.217	14	3.25	3.167	3	3.167	3.208	3.083	3.146	6	5.667	6.083	6.417	5.833	6.25	6.042	2.833	2.667	4.167	4.167	2.75	4.167	3.458	4	4.583	5.083	4.417	4.292	4.75	4.521	3.583	3.583	3.583	3.25	3.583	3.417	3.5	2.417	1.917	2.167	2.083	2.167	2.125	2.146	3.25	3.375	2	0	2	.707	.003	0	.9	0	0	.707	.003	0	.11	.057	0	1	0	0	.199	.037	0	.003	.189	1	.852	.001	0	.852	.001	0	.393	.017	0	.938	0	0	.245	.031	0	.713	.003	0	.713	.003	0	.713	.003	0	.863	.001	0	.231	.032	0	.39	.017	0
aufmerksam	attentive	10	27.967	10	5.667	5.583	6.25	5.833	5.625	6.042	5.833	4.083	4.333	5.083	5.636	4.208	5.348	4.766	6	6	5.083	5.833	6	5.458	5.729	3.833	4.583	5.167	5	4.208	5.083	4.646	6.167	5.667	5.833	5.833	5.917	5.833	5.875	3.083	2.833	2.75	2.667	2.958	2.708	2.833	6.25	6.188	1.583	.5	2	.135	.05	0	.366	.019	0	.545	.008	0	.02	.119	1	.405	.016	0	.753	.002	0	.162	.044	0	.33	.022	0	.33	.022	0	.067	.074	0	.534	.009	0	.33	.022	0	.768	.002	0	.378	.018	0	.378	.018	0	.222	.034	0	.413	.015	0	.682	.004	0
ausdauernd	persistent	10	1.174	14	5.417	5.75	6.083	6.25	5.583	6.167	5.875	4.417	4.25	3.333	4.167	4.333	3.75	4.042	5.583	6.167	5.5	5.333	5.875	5.417	5.646	4	3.667	4.25	4.25	3.833	4.25	4.042	5.25	5.083	6.083	5.5	5.167	5.792	5.479	2.75	2.083	3.25	2.583	2.417	2.917	2.667	6.25	5.625	2	0	2	.009	.144	1	.25	.03	0	.7	.003	0	.186	.039	0	.447	.013	0	.256	.029	0	.182	.04	0	.541	.009	0	.273	.027	0	.446	.013	0	.76	.002	0	.76	.002	0	.059	.078	0	.252	.03	0	.522	.009	0	.084	.066	0	.023	.112	1	1	0	0
ausgeglichen	balanced	12	11.467	11	6.75	6.25	6.417	6.083	6.5	6.25	6.375	1.667	2.417	2.417	2.5	2.042	2.458	2.25	5.667	5	4.75	5.083	5.333	4.917	5.125	3.75	3.5	4.5	2.833	3.625	3.667	3.646	4.917	4.083	5.333	5	4.5	5.167	4.833	3.333	4.083	3.833	4.083	3.708	3.958	3.833	6.813	6.375	1.833	.22	2	.303	.024	0	.089	.064	0	.73	.003	0	.229	.033	0	.229	.033	0	.334	.021	0	.366	.019	0	.717	.003	0	.279	.027	0	.931	0	0	.052	.083	0	.148	.047	0	.141	.049	0	.197	.038	0	.577	.007	0	.134	.05	0	.004	.175	1	.134	.05	0
autoritaer	authoritarian	9	1.537	14	2.75	2.167	2.167	2.083	2.458	2.125	2.292	5.167	5.75	5.5	5.917	5.458	5.708	5.583	5.5	5.917	5.167	4.667	5.708	4.917	5.313	4.75	5.75	4.333	5.417	5.25	4.875	5.063	3.25	2.917	4.083	2.917	3.083	3.5	3.292	3.917	3.5	3.818	3.25	3.708	3.522	3.617	3	1.875	1	0	1	.322	.022	0	.322	.022	0	.457	.013	0	.446	.013	0	.131	.051	0	.799	.001	0	.073	.071	0	.923	0	0	.294	.025	0	.515	.01	0	.075	.07	0	.942	0	0	.457	.013	0	.184	.04	0	.457	.013	0	.589	.007	0	.132	.052	0	.814	.001	0
bedaechtig	deliberate	9	1.866	14	4.25	3.833	4.917	4.25	4.042	4.583	4.313	2.917	2.917	2.5	3.083	2.917	2.792	2.854	5	5	4.167	3.833	5	4	4.5	3.583	3.417	4.5	3.5	3.5	4	3.75	3.917	4	4.5	4.667	3.958	4.583	4.271	4	4.167	3.917	4	4.083	3.958	4.021	5	5.438	1.833	.333	2	.089	.064	0	.089	.064	0	.69	.004	0	.721	.003	0	.406	.016	0	.406	.016	0	.026	.108	1	.703	.003	0	.703	.003	0	.326	.022	0	.253	.03	0	.412	.015	0	.159	.045	0	.776	.002	0	.924	0	0	.422	.015	0	.422	.015	0	.788	.002	0
begeistert	enthusiastic	10	24.183	10	6.083	6	6	5.75	6.042	5.875	5.958	4.5	4.083	4.75	4.583	4.292	4.667	4.479	4.833	4.083	3.833	4.583	4.458	4.208	4.333	5.455	6	5.667	5.667	5.739	5.667	5.702	5.667	5	5.917	4.917	5.333	5.417	5.375	2.5	1.917	1.833	2	2.208	1.917	2.063	6.438	6.063	1.708	.441	2	.482	.011	0	.482	.011	0	.725	.003	0	.449	.013	0	.555	.008	0	.8	.001	0	.595	.006	0	1	0	0	.115	.055	0	.883	.001	0	.508	.01	0	.508	.01	0	.789	.002	0	.01	.142	1	.593	.007	0	.175	.041	0	.33	.022	0	.083	.067	0
beharrlich	insistent	10	4.207	13	4.25	4.167	5.333	5.5	4.208	5.417	4.813	5.417	4.667	4.833	4.75	5.042	4.792	4.917	5.167	5.25	4.833	5.667	5.208	5.25	5.229	2.917	3.333	4.25	3.083	3.125	3.667	3.396	4.833	4.167	5.667	5.25	4.5	5.458	4.979	3	3	3.417	3.333	3	3.375	3.188	5.5	4.5	1.75	.441	2	.002	.201	1	.909	0	0	.732	.003	0	.571	.007	0	.347	.02	0	.451	.013	0	.916	0	0	.252	.03	0	.347	.02	0	.289	.025	0	.462	.012	0	.124	.053	0	.017	.123	1	.166	.043	0	.747	.002	0	.156	.045	0	.873	.001	0	.873	.001	0
beherrscht	self-controlled	10	17.868	11	3.75	3.417	5.667	5.833	3.583	5.75	4.667	4.833	4.167	3.083	3.083	4.5	3.083	3.792	5.167	5	5.364	4.833	5.083	5.087	5.085	3.333	4.25	4.833	3.917	3.792	4.375	4.083	4.583	4	4.909	5.333	4.292	5.13	4.702	3.5	3.5	4.083	3.75	3.5	3.917	3.708	4.688	4.875	1.583	.464	2	0	.486	1	.805	.001	0	.46	.012	0	.002	.195	1	.446	.013	0	.446	.013	0	.974	0	0	.463	.013	0	.701	.003	0	.266	.028	0	1	0	0	.084	.067	0	.046	.089	1	.845	.001	0	.22	.035	0	.006	.157	1	.258	.029	0	.258	.029	0
bekuemmert	troubled	9	1.606	14	2.833	2.5	3.25	3	2.667	3.125	2.896	5.333	5.083	5.667	4.083	5.208	4.875	5.042	2.917	2.667	2.833	3	2.792	2.917	2.854	3.636	4.667	4.667	4.417	4.174	4.542	4.362	3.583	3.333	2.583	3.083	3.458	2.833	3.146	3.667	3.583	3.75	3.667	3.625	3.708	3.667	2.438	3.188	2	0	2	.147	.047	0	.353	.02	0	.894	0	0	.261	.029	0	.003	.183	1	.028	.106	1	.678	.004	0	.89	0	0	.49	.011	0	.414	.016	0	.414	.016	0	.183	.041	0	.136	.05	0	.763	.002	0	.367	.019	0	.688	.004	0	.688	.004	0	1	0	0
berechnend	calculating	10	.484	16	1.583	2.333	1.417	2.083	1.958	1.75	1.854	5.917	5.167	5.167	5.5	5.542	5.333	5.438	5.917	6.083	5.182	5.5	6	5.348	5.681	3.091	2.917	3.417	3.5	3	3.458	3.234	2.167	3.25	2.667	3.083	2.708	2.875	2.792	2.5	2.5	2.417	2.75	2.5	2.583	2.542	3.625	2	1.417	.441	1	.461	.012	0	.015	.127	1	.882	.001	0	.49	.011	0	.49	.011	0	.077	.069	0	.089	.066	0	.526	.009	0	.843	.001	0	.443	.014	0	.939	0	0	.827	.001	0	.714	.003	0	.104	.059	0	.464	.012	0	.782	.002	0	.58	.007	0	.58	.007	0
beschaemt	ashamed	8	1.723	14	2.917	2.333	2.75	3.417	2.625	3.083	2.854	4.833	4.75	4.75	3.909	4.792	4.348	4.574	2.5	2.333	2.5	2.75	2.417	2.625	2.521	4.417	3.917	4.25	3.917	4.167	4.083	4.125	2.75	2.833	2.417	2.833	2.792	2.625	2.708	3.583	2.75	3.083	3.083	3.167	3.083	3.125	2	2.813	1.917	.333	2	.191	.039	0	.904	0	0	.077	.07	0	.293	.026	0	.293	.026	0	.388	.017	0	.506	.01	0	.894	0	0	.506	.01	0	.874	.001	0	.431	.014	0	.874	.001	0	.655	.005	0	.503	.01	0	.655	.005	0	.623	.006	0	.017	.122	1	.017	.122	1
bescheiden	modest	10	15.151	11	4.75	5.167	4.5	5.333	4.958	4.917	4.938	3.091	2.667	2.667	2.75	2.87	2.708	2.787	3.917	4.5	4.833	4.833	4.208	4.833	4.521	2.25	2.75	4.167	3.417	2.5	3.792	3.146	4.167	4.333	4.833	4	4.25	4.417	4.333	3.75	4	3.75	3.833	3.875	3.792	3.833	4.938	5.25	1.792	.441	2	.892	0	0	.047	.086	1	.5	.01	0	.518	.01	0	.518	.01	0	.337	.021	0	.161	.044	0	.509	.01	0	.509	.01	0	.007	.155	1	.785	.002	0	.176	.041	0	.685	.004	0	.419	.015	0	.227	.033	0	.655	.005	0	.374	.018	0	.655	.005	0
besonnen	level-headed	8	2.232	14	5.083	5.25	6.083	6.25	5.167	6.167	5.667	2.5	2.417	1.917	3	2.458	2.458	2.458	4.917	5.25	5.25	5.583	5.083	5.417	5.25	3.25	3.25	4	3.5	3.25	3.75	3.5	4.333	4.417	5.667	5.833	4.375	5.75	5.063	3.583	3.75	3.917	3.917	3.667	3.917	3.792	5.75	5.625	2	0	2	.001	.213	1	.568	.007	0	1	0	0	1	0	0	.208	.036	0	.143	.048	0	.457	.013	0	.457	.013	0	1	0	0	.336	.021	0	.629	.005	0	.629	.005	0	0	.281	1	.708	.003	0	.9	0	0	.194	.038	0	.663	.004	0	.663	.004	0
besorgt	worried	7	19.631	10	2.75	3.25	4.333	4	3	4.167	3.583	5.583	5.25	5.083	5.167	5.417	5.125	5.271	3.818	3.083	4.083	5	3.435	4.542	4	5.25	5.417	4.333	3.727	5.333	4.043	4.702	4.833	4.25	5	4.917	4.542	4.958	4.75	3.5	3.917	3.818	4.083	3.708	3.957	3.83	3.25	4.25	1.667	.333	2	.001	.216	1	.805	.001	0	.22	.034	0	.357	.019	0	.692	.004	0	.509	.01	0	.01	.146	1	.822	.001	0	.046	.089	1	.02	.12	1	.685	.004	0	.477	.012	0	.281	.026	0	.387	.017	0	.516	.01	0	.257	.03	0	.114	.057	0	.721	.003	0
bestimmend	decisive	10	.86	15	2.583	3.167	3.667	3.833	2.875	3.75	3.313	5.417	5.25	5.833	5.25	5.333	5.542	5.438	6.083	6.25	5	5.333	6.167	5.167	5.667	3.417	4.667	4.667	4.75	4.042	4.708	4.375	4.167	4.083	4.333	4.083	4.125	4.208	4.167	3	3.25	3.833	3.083	3.125	3.458	3.292	4.125	2.688	1	0	1	.023	.112	1	.318	.023	0	.578	.007	0	.448	.013	0	.175	.041	0	.448	.013	0	.009	.147	1	.495	.011	0	.82	.001	0	.197	.038	0	.197	.038	0	.257	.029	0	.871	.001	0	.746	.002	0	.871	.001	0	.279	.027	0	.415	.015	0	.107	.058	0
boshaft	malicious	7	1.008	15	1.25	1.833	1.333	1.5	1.542	1.417	1.479	6.333	5.917	6	5.75	6.125	5.875	6	4.167	4.333	4.417	3.833	4.25	4.125	4.188	5	5.417	4.917	4.417	5.208	4.667	4.938	1.417	2	1.583	1.833	1.708	1.708	1.708	2.833	2.833	3.25	2.917	2.833	3.083	2.958	1.5	1.063	1	0	1	.497	.011	0	.046	.088	1	.26	.029	0	.329	.022	0	.195	.038	0	.744	.002	0	.801	.001	0	.675	.004	0	.452	.013	0	.402	.016	0	.948	0	0	.478	.011	0	1	0	0	.221	.034	0	.622	.006	0	.164	.043	0	.351	.02	0	.351	.02	0
brutal	brutal	6	9.161	12	1	1.167	1	1.167	1.083	1.083	1.083	6.833	6.417	6.833	6.583	6.625	6.708	6.667	4	4	3.5	3	4	3.25	3.625	6.417	6.667	5.25	5.833	6.542	5.542	6.042	1	2	1	1.333	1.5	1.167	1.333	2.636	2.167	2.333	2	2.391	2.167	2.277	1.125	1	1	0	1	1	0	0	.042	.091	1	1	0	0	.6	.006	0	.041	.092	1	.6	.006	0	.263	.028	0	.707	.003	0	.707	.003	0	.035	.097	1	.369	.018	0	.719	.003	0	.187	.039	0	.01	.14	1	.187	.039	0	.255	.03	0	.055	.083	0	.739	.003	0
defensiv	defensive	8	2.013	14	2.417	2.583	2.25	3.75	2.5	3	2.75	4.333	4.083	3.583	4.091	4.208	3.826	4.021	2.333	2.833	3.167	3.167	2.583	3.167	2.875	3.417	4	4	3.333	3.708	3.667	3.688	3.083	3.5	2.5	3.917	3.292	3.208	3.25	3.5	3	3.25	3.583	3.25	3.417	3.333	2.875	3.125	1.625	.5	2	.113	.056	0	.01	.142	1	.036	.096	1	.446	.014	0	.791	.002	0	.437	.014	0	.159	.045	0	.543	.008	0	.543	.008	0	.934	0	0	.934	0	0	.221	.034	0	.843	.001	0	.033	.099	1	.237	.032	0	.42	.015	0	.686	.004	0	.048	.086	1
depressiv	depressive	9	1.54	14	1.667	1.25	1.083	1.833	1.458	1.458	1.458	5.083	5.333	5	4	5.208	4.522	4.872	1.833	1.5	2.167	1.917	1.667	2.042	1.854	4.583	4.167	5	5.083	4.375	5.042	4.708	2.5	3.333	3.333	2.75	2.917	3.042	2.979	3.583	3.167	3.667	3.583	3.375	3.625	3.5	1.188	1.5	2	0	2	1	0	0	.336	.021	0	.001	.209	1	.179	.042	0	.473	.012	0	.235	.033	0	.285	.026	0	.404	.016	0	.905	0	0	.267	.028	0	.78	.002	0	.675	.004	0	.803	.001	0	.803	.001	0	.161	.044	0	.37	.018	0	.37	.018	0	.549	.008	0
deprimiert	depressed	10	1.529	14	1.917	2.167	1.75	2.333	2.042	2.042	2.042	4.583	4.917	4.833	4.167	4.75	4.5	4.625	1.833	1.917	2.333	1.833	1.875	2.083	1.979	4.583	5.5	4.583	5.083	5.042	4.833	4.938	2.417	3.167	2	2	2.792	2	2.396	3.417	3	3.333	3.75	3.208	3.542	3.375	1.938	2.063	2	0	2	1	0	0	.172	.042	0	.581	.007	0	.563	.008	0	.7	.003	0	.25	.03	0	.422	.015	0	.422	.015	0	.263	.028	0	.661	.004	0	.141	.049	0	.661	.004	0	.057	.08	0	.359	.019	0	.359	.019	0	.231	.032	0	1	0	0	.136	.05	0
direkt	direct	6	100.106	8	5	4.75	4.667	4.583	4.875	4.625	4.75	3.833	4.667	4	4.417	4.25	4.208	4.229	4.75	5.083	5.333	4.25	4.917	4.792	4.854	2.5	3.083	4.333	3.7	2.792	4.045	3.391	4.75	4.167	5.417	5.417	4.458	5.417	4.938	2.083	2.75	2.333	2.091	2.417	2.217	2.319	4.938	5.125	1	0	1	.501	.01	0	.654	.005	0	.822	.001	0	.919	0	0	.131	.051	0	.611	.006	0	.698	.003	0	.248	.03	0	.032	.1	1	.026	.113	1	.963	0	0	.257	.03	0	.01	.14	1	.42	.015	0	.42	.015	0	.476	.012	0	.459	.013	0	.117	.056	0
diskret	discreet	7	3.877	13	4.917	4.5	6	5.75	4.708	5.875	5.292	3.833	3.333	2.833	3.083	3.583	2.958	3.271	4.75	5.333	5.25	5.083	5.042	5.167	5.104	2.417	2.083	3.667	3.417	2.25	3.542	2.896	5.25	4.417	6	5.667	4.833	5.833	5.333	3.417	3.667	3.833	3.667	3.542	3.75	3.646	5.5	6	1.292	.354	1	0	.246	1	.285	.026	0	.788	.002	0	.095	.062	0	.735	.003	0	.312	.023	0	.729	.003	0	.565	.008	0	.302	.024	0	.015	.127	1	.57	.007	0	.935	0	0	.005	.167	1	.09	.064	0	.462	.012	0	.237	.032	0	.811	.001	0	.237	.032	0
dominant	dominant	8	.94	15	2.25	2.417	2.917	3.333	2.333	3.125	2.729	6.083	5.5	5.583	5.917	5.792	5.75	5.771	5.75	6.333	5.667	5.917	6.042	5.792	5.917	5.5	5.75	5.083	5	5.625	5.042	5.333	3.667	3.583	3.917	3.583	3.625	3.75	3.688	2.833	3.167	3	3.083	3	3.042	3.021	3.813	2.375	1	0	1	.026	.107	1	.402	.016	0	.719	.003	0	.908	0	0	.729	.003	0	.207	.036	0	.57	.007	0	.345	.02	0	.704	.003	0	.216	.035	0	.859	.001	0	.722	.003	0	.805	.001	0	.681	.004	0	.805	.001	0	.871	.001	0	.418	.015	0	.626	.005	0
dumm	dumb	4	11.779	11	1.75	2.083	2.167	1.5	1.917	1.833	1.875	2.833	3.75	3.583	3.167	3.292	3.375	3.333	1.75	2.167	2.167	2.083	1.958	2.125	2.042	4.083	5.25	5.25	5.167	4.667	5.208	4.938	1.167	1.5	1.333	1.25	1.333	1.292	1.313	3.083	2.75	2.75	3.167	2.917	2.958	2.938	1.188	1.313	1.792	.354	2	.728	.003	0	.487	.011	0	.041	.091	1	.874	.001	0	.635	.005	0	.209	.036	0	.607	.006	0	.607	.006	0	.441	.014	0	.363	.019	0	.363	.019	0	.294	.025	0	.796	.002	0	.44	.014	0	.201	.037	0	.792	.002	0	.792	.002	0	.022	.114	1
egoistisch	egoistic	10	1.002	15	2.25	2.5	1.833	1.833	2.375	1.833	2.104	5.75	6.083	6.083	4.667	5.917	5.375	5.646	5.333	4.583	5.417	4.75	4.958	5.083	5.021	3.273	4.667	4	3.417	4	3.708	3.851	3.75	3.833	2	3.083	3.792	2.542	3.167	2.667	2.333	2.417	2.5	2.5	2.458	2.479	2.625	1.625	1.292	.167	1	.063	.076	0	.662	.004	0	.662	.004	0	.117	.055	0	.117	.055	0	.013	.131	1	.811	.001	0	.18	.04	0	.936	0	0	.664	.004	0	.501	.011	0	.105	.06	0	.009	.145	1	.21	.036	0	.281	.026	0	.894	0	0	.69	.004	0	.507	.01	0
ehrgeizig	ambitious	9	3.261	13	5.083	4.75	4.333	4.5	4.917	4.417	4.667	5.25	5.25	5.167	5.455	5.25	5.304	5.277	6.5	5.75	5.917	5.25	6.125	5.583	5.854	3	4.083	4.167	4.25	3.565	4.208	3.894	5.667	4.5	4	4.917	5.083	4.458	4.771	1.667	1.5	1.917	2.25	1.583	2.083	1.833	5.625	4.625	1.833	.333	2	.244	.031	0	.845	.001	0	.558	.008	0	.891	0	0	.744	.003	0	.744	.003	0	.081	.068	0	.024	.111	1	.891	0	0	.201	.038	0	.262	.029	0	.335	.022	0	.151	.046	0	.771	.002	0	.019	.119	1	.026	.108	1	.703	.003	0	.255	.029	0
ehrlich	honest	7	13.411	11	6.75	6.083	6.833	6.583	6.417	6.708	6.563	2.667	2.583	2.5	2.818	2.625	2.652	2.638	5.917	5.75	5.333	5.833	5.833	5.583	5.708	3.833	2.917	4.833	3.333	3.375	4.083	3.729	6.083	5.833	6.667	6.167	5.958	6.417	6.188	3.667	3.167	3.25	3.417	3.417	3.333	3.375	6.188	6.625	1.333	.441	1	.119	.054	0	.016	.124	1	.262	.029	0	.929	0	0	.758	.002	0	.598	.007	0	.575	.007	0	.708	.003	0	.456	.013	0	.183	.04	0	.026	.108	1	.581	.007	0	.048	.086	1	.104	.059	0	.583	.007	0	.717	.003	0	.469	.012	0	.151	.046	0
eigenwillig	willful	11	1.424	14	3.667	3.25	4.5	3.417	3.458	3.958	3.708	4.333	4.333	4.583	5.083	4.333	4.833	4.583	4.833	5.083	4.417	4.25	4.958	4.333	4.646	3.25	2.917	4.417	3.167	3.083	3.792	3.438	5.667	5	5.5	4.167	5.333	4.833	5.083	2.667	3.667	3.25	3.917	3.167	3.583	3.375	4.688	3.875	1.333	.5	1	.219	.034	0	.068	.074	0	.41	.015	0	.149	.047	0	.467	.012	0	.467	.012	0	.115	.056	0	.915	0	0	.595	.006	0	.166	.043	0	.123	.053	0	.367	.018	0	.299	.025	0	.041	.091	1	.487	.011	0	.309	.024	0	.045	.088	1	.683	.004	0
einfallslos	unimaginative	11	.701	15	1.833	2	2.167	2.083	1.917	2.125	2.021	3.333	4.167	4.167	2.75	3.75	3.458	3.604	2	2.182	3.083	2.167	2.087	2.625	2.362	3.25	3.667	3.083	2.091	3.458	2.609	3.043	2.083	2.083	2	2.333	2.083	2.167	2.125	3	2.75	3.083	3.167	2.875	3.125	3	1.5	2	1.917	0	2	.373	.018	0	.858	.001	0	.592	.007	0	.551	.008	0	.551	.008	0	.025	.109	1	.098	.062	0	.251	.031	0	.089	.066	0	.07	.074	0	.542	.009	0	.14	.05	0	.841	.001	0	.689	.004	0	.689	.004	0	.168	.043	0	.643	.005	0	.356	.019	0
einfuehlsam	empathic	10	1.49	14	6.833	6.167	6.75	6.333	6.5	6.542	6.521	2	2.583	3	3.417	2.292	3.208	2.75	5.167	4.75	4.583	4.833	4.958	4.708	4.833	2.364	2.833	4	3.417	2.609	3.708	3.17	6.167	6.25	6.25	5.417	6.208	5.833	6.021	3.25	3.083	3.5	3.917	3.167	3.708	3.438	6.063	6.375	1.083	.333	1	.84	.001	0	.011	.137	1	.546	.008	0	.017	.123	1	.182	.04	0	.822	.001	0	.525	.009	0	.832	.001	0	.398	.016	0	.03	.105	1	.909	0	0	.292	.026	0	.153	.046	0	.153	.046	0	.082	.067	0	.004	.171	1	.491	.011	0	.112	.056	0
einsam	lonely	6	10.456	11	2	1.917	2.833	3	1.958	2.917	2.438	4.667	4.167	4.083	3.167	4.417	3.625	4.021	2.5	2	2.167	2.833	2.25	2.5	2.375	4.75	6.417	4.417	4.667	5.583	4.542	5.063	2.25	3	3.667	2.75	2.625	3.208	2.917	4.333	4.167	4.167	4.333	4.25	4.25	4.25	1.75	3	2	0	2	.022	.113	1	.919	0	0	.759	.002	0	.119	.054	0	.162	.044	0	.678	.004	0	.53	.009	0	.834	.001	0	.147	.047	0	.036	.096	1	.053	.082	0	.149	.047	0	.288	.026	0	.879	.001	0	.131	.051	0	1	0	0	1	0	0	.445	.013	0
eitel	vain	5	3.796	13	3.333	2.917	2.417	2.417	3.125	2.417	2.771	5.167	5.583	4.75	5.167	5.375	4.958	5.167	4.5	4	4	3.5	4.25	3.75	4	5.545	6	5.333	4.667	5.783	5	5.383	3.75	4.167	3.167	2.417	3.958	2.792	3.375	2	1.75	2.167	2.333	1.875	2.25	2.063	3.25	2.938	1.917	.333	2	.04	.092	1	.538	.009	0	.538	.009	0	.32	.023	0	.32	.023	0	1	0	0	.34	.021	0	.34	.021	0	1	0	0	.129	.053	0	.833	.001	0	.268	.028	0	.015	.127	1	.72	.003	0	.213	.035	0	.114	.056	0	.859	.001	0	.375	.018	0
emotional	emotional	9	5.606	12	6.333	4.75	5.5	5.083	5.542	5.292	5.417	4.25	4.583	5	5.667	4.417	5.333	4.875	3	2.333	3.727	4	2.667	3.87	3.255	4	4.25	5.333	4	4.125	4.667	4.396	6	4.333	4.917	3.917	5.167	4.417	4.792	3	2.417	2.25	2.417	2.708	2.333	2.521	5.25	5.375	1.75	.441	2	.504	.01	0	.01	.141	1	.123	.053	0	.03	.103	1	.227	.033	0	.685	.004	0	.018	.124	1	.687	.004	0	.339	.021	0	.352	.02	0	.352	.02	0	.176	.041	0	.136	.05	0	.01	.142	1	.503	.01	0	.123	.053	0	.388	.017	0	.123	.053	0
empfindlich	touchy	11	6.046	12	3.083	3.167	3.333	2.667	3.125	3	3.063	4.833	5	4.417	4.667	4.917	4.542	4.729	2.667	2.25	3.25	2.583	2.458	2.917	2.688	3.833	4.417	4.417	4.167	4.125	4.292	4.208	5.667	5	4.5	3.917	5.333	4.208	4.771	3.25	3	3.917	3.25	3.125	3.583	3.354	3	3.125	1.75	.441	2	.698	.003	0	.366	.019	0	.247	.03	0	.292	.025	0	.556	.008	0	.906	0	0	.221	.034	0	.15	.047	0	.737	.003	0	.76	.002	0	.76	.002	0	.446	.013	0	.012	.136	1	.151	.046	0	.923	0	0	.043	.09	1	.043	.09	1	.348	.02	0
energisch	energetic	9	8.818	12	5.167	4.417	5.083	5.333	4.792	5.208	5	5.5	5.25	5.25	5.5	5.375	5.375	5.375	5.75	5.417	5.833	5.583	5.583	5.708	5.646	4.417	4.5	5.333	4.583	4.458	4.958	4.708	4.667	4	5.667	5.083	4.333	5.375	4.854	2.167	2.167	3	2.75	2.167	2.875	2.521	5.438	5.5	1.273	.518	1	.291	.025	0	.524	.009	0	.206	.036	0	1	0	0	1	0	0	.471	.012	0	.743	.002	0	.445	.013	0	.913	0	0	.278	.027	0	.468	.012	0	.365	.019	0	.004	.173	1	.076	.07	0	.904	0	0	.026	.108	1	.685	.004	0	.685	.004	0
entschlossen	determined	12	24.095	10	5.917	5.083	5.75	5.75	5.5	5.75	5.625	4.5	4.917	5.167	5.75	4.708	5.458	5.083	6.417	6.5	6.25	6.333	6.458	6.292	6.375	3.417	4.083	4.75	4.5	3.75	4.625	4.188	4.5	4.083	5.667	5.333	4.292	5.5	4.896	2.25	2.25	2.083	2.25	2.25	2.167	2.208	6.063	5.5	1.917	.333	2	.422	.015	0	.184	.04	0	.184	.04	0	.107	.058	0	.279	.027	0	.856	.001	0	.52	.009	0	.747	.002	0	1	0	0	.136	.05	0	.719	.003	0	.43	.014	0	.005	.164	1	.367	.019	0	.92	0	0	.668	.004	0	.668	.004	0	.668	.004	0
entspannt	relaxed	9	10.01	11	6.5	6.167	6.25	6.167	6.333	6.208	6.271	1.167	1.333	1.833	1.417	1.25	1.625	1.438	4.083	3.75	3	3.667	3.917	3.333	3.625	4.583	5.667	4	3.75	5.125	3.875	4.5	4.75	4.917	5.333	5	4.833	5.167	5	3	3.667	3.667	3.5	3.333	3.583	3.458	6.563	6	1.958	0	2	.565	.008	0	.34	.021	0	.565	.008	0	.042	.091	1	.489	.011	0	.11	.057	0	.249	.03	0	.74	.003	0	.322	.022	0	.018	.12	1	.419	.015	0	.199	.037	0	.357	.019	0	.817	.001	0	.489	.011	0	.346	.02	0	.346	.02	0	.119	.054	0
enttaeuscht	disappointed	10	27.579	10	2.5	2.25	2.667	2.5	2.375	2.583	2.479	4.75	5.25	5.083	4.818	5	4.957	4.979	2.667	2	2.917	2.833	2.333	2.875	2.604	4	4.667	4.25	4	4.333	4.125	4.229	2.75	3.25	2.333	2.333	3	2.333	2.667	3	2.833	3.545	3.583	2.917	3.565	3.234	1.875	2.563	1.958	.167	2	.458	.013	0	.458	.013	0	.882	.001	0	.896	0	0	.756	.002	0	.314	.024	0	.071	.072	0	.207	.036	0	.325	.022	0	.673	.004	0	.673	.004	0	.355	.019	0	.101	.06	0	.534	.009	0	.534	.009	0	.032	.102	1	.827	.001	0	.729	.003	0
erfahren	experienced	8	71.761	9	6.167	5.917	6.167	6.333	6.042	6.25	6.146	2.75	2.25	3.333	3.25	2.5	3.292	2.896	6.417	6.417	5.75	5.5	6.417	5.625	6.021	2.833	2.75	3.417	3.583	2.792	3.5	3.146	4.667	3.667	5.75	5.667	4.167	5.708	4.938	4.333	4.75	4.333	4.167	4.542	4.25	4.396	6	6.063	1.75	.363	2	.361	.019	0	.854	.001	0	.361	.019	0	.027	.106	1	.405	.016	0	.551	.008	0	.006	.161	1	.648	.005	0	.648	.005	0	.16	.044	0	.933	0	0	.802	.001	0	0	.372	1	.08	.068	0	.137	.05	0	.072	.072	0	.434	.014	0	.072	.072	0
erfolgreich	successful	11	66.876	9	5.75	5.5	6.417	6.167	5.625	6.292	5.958	4.25	4.5	4	4.583	4.375	4.292	4.333	6.167	6.083	6.333	5.75	6.125	6.042	6.083	4.583	6.25	4.833	4.75	5.417	4.792	5.104	5.417	5.167	4.25	5	5.292	4.625	4.958	2.167	2.333	2.25	2.917	2.25	2.583	2.417	6.25	5.063	1.708	.354	2	.025	.108	1	.39	.017	0	1	0	0	.849	.001	0	.344	.02	0	.704	.003	0	.717	.003	0	.151	.046	0	.279	.027	0	.164	.043	0	.08	.068	0	.054	.082	0	.048	.086	1	.45	.013	0	.135	.05	0	.272	.027	0	.172	.042	0	.409	.016	0
erfreut	delighted	7	12.147	11	6.75	6.417	6.917	6	6.583	6.478	6.532	3.667	3	3.364	3.667	3.333	3.522	3.426	4.636	4.5	4.364	4.333	4.565	4.348	4.457	5.417	6	6	5.5	5.708	5.75	5.729	5.5	5.333	5.333	4.75	5.417	5.042	5.229	3.083	2.333	2.833	2.75	2.708	2.792	2.75	6.688	6.313	1.917	.333	2	.488	.011	0	.001	.222	1	.11	.058	0	.709	.003	0	.709	.003	0	.321	.023	0	.619	.006	0	.85	.001	0	.904	0	0	.914	0	0	.914	0	0	.166	.043	0	.25	.03	0	.25	.03	0	.52	.009	0	.649	.005	0	.027	.106	1	.074	.071	0
ernst	serious	5	50.072	9	4.583	4.083	5.25	5.333	4.333	5.292	4.813	4.667	5.333	4.417	4.667	5	4.542	4.771	5.417	5.167	4.333	5	5.292	4.667	4.979	4.583	4.917	5.25	4	4.75	4.625	4.688	4.833	4.75	4.667	4.917	4.792	4.792	4.792	4.083	3.917	3.833	4.083	4	3.958	3.979	4.625	4.625	1.917	.333	2	.002	.205	1	.468	.012	0	.311	.023	0	.073	.071	0	.073	.071	0	.409	.016	0	.087	.065	0	.562	.008	0	.206	.036	0	.801	.001	0	.357	.019	0	.115	.055	0	1	0	0	.846	.001	0	.697	.003	0	.853	.001	0	.853	.001	0	.357	.019	0
erschoepft	exhausted	9	10.781	11	3.917	3.75	2.833	2.833	3.833	2.833	3.333	3.75	2.75	3.417	2.833	3.25	3.125	3.188	2.5	2	3.273	2.75	2.25	3	2.617	4.583	5.167	5.083	5.75	4.875	5.417	5.146	4	3.25	2.667	2.75	3.625	2.708	3.167	4.25	4	4.083	3.667	4.125	3.875	4	2.625	3.25	2	0	2	.014	.13	1	.832	.001	0	.832	.001	0	.814	.001	0	.141	.049	0	.695	.004	0	.04	.094	1	.163	.045	0	.975	0	0	.284	.026	0	.217	.034	0	.934	0	0	.044	.089	1	.455	.013	0	.351	.02	0	.299	.025	0	.168	.043	0	.728	.003	0
erstaunt	astonished	8	10.944	11	4.75	4.583	4.5	4.083	4.667	4.292	4.479	4	4.417	4	4.75	4.208	4.375	4.292	3.25	2.667	3.25	3.5	2.958	3.375	3.167	5.083	6	4.667	5.25	5.542	4.958	5.25	3.917	3.417	4.5	3.5	3.667	4	3.833	3.25	3.167	2.5	2.583	3.208	2.542	2.875	4.813	4.75	1.917	.333	2	.175	.041	0	.29	.025	0	.648	.005	0	.68	.004	0	.153	.046	0	.68	.004	0	.285	.026	0	.667	.004	0	.285	.026	0	.223	.033	0	.12	.054	0	.726	.003	0	.402	.016	0	.063	.076	0	.529	.009	0	.009	.143	1	1	0	0	.736	.003	0
feige	cowardly	5	2.852	13	1.833	1.833	2.083	1.917	1.833	2	1.917	5.167	5.5	4.667	4.083	5.333	4.375	4.854	2.417	1.667	2.917	3.167	2.042	3.042	2.542	3.667	4.417	4.417	4.5	4.042	4.458	4.25	2.917	2.333	2	2.083	2.625	2.042	2.333	2.75	2.667	2.583	3	2.708	2.792	2.75	1.75	2.125	1.458	.464	1	.544	.008	0	.761	.002	0	.761	.002	0	.025	.109	1	.764	.002	0	.274	.027	0	.011	.139	1	.508	.01	0	.189	.039	0	.474	.012	0	.474	.012	0	.566	.008	0	.051	.084	0	.394	.017	0	.257	.029	0	.728	.003	0	.487	.011	0	.299	.025	0
feindselig	hostile	10	1.011	15	1.333	1.75	1.417	1.5	1.542	1.458	1.5	6.5	6.167	6.333	6.417	6.333	6.375	6.354	3.083	4.25	4.75	3.333	3.667	4.042	3.854	3.833	4.667	4.583	5.333	4.25	4.958	4.604	1.583	2.5	1.333	1.5	2.042	1.417	1.729	2.833	3.333	3.083	2.75	3.083	2.917	3	1.688	1.188	1.083	.333	1	.643	.005	0	.168	.043	0	.356	.019	0	.867	.001	0	.616	.006	0	.404	.016	0	.416	.015	0	.786	.002	0	.007	.154	1	.221	.034	0	.172	.042	0	.942	0	0	.024	.111	1	.048	.086	1	.167	.043	0	.265	.028	0	.575	.007	0	.007	.153	1
fies	nasty	4	.632	15	1.167	1.75	1.25	1.417	1.458	1.333	1.396	5.917	5.5	6.417	5.25	5.708	5.833	5.771	4.5	4.273	4	3.417	4.391	3.708	4.043	4.75	5.917	4.583	5.5	5.333	5.042	5.188	2.25	3.25	1.583	1.583	2.75	1.583	2.167	2.583	2.417	2.917	3.167	2.5	3.042	2.771	1.688	1.188	1	0	1	.491	.011	0	.043	.09	1	.253	.03	0	.71	.003	0	.022	.113	1	.268	.028	0	.241	.032	0	.481	.012	0	.756	.002	0	.619	.006	0	.081	.068	0	.831	.001	0	.003	.184	1	.184	.04	0	.184	.04	0	.009	.147	1	.833	.001	0	.295	.025	0
flexibel	flexible	8	8.04	12	5.75	5	6.083	5.333	5.375	5.708	5.542	2.75	3.083	3.25	3.917	2.917	3.583	3.25	6.083	5.583	4.333	5.417	5.833	4.875	5.354	2.727	2.583	4.083	3.5	2.652	3.792	3.234	5.5	5.5	6.167	5.667	5.5	5.917	5.708	1.75	1.417	2.25	2.75	1.583	2.5	2.042	5.938	5.875	1.667	.441	2	.343	.02	0	.037	.096	1	1	0	0	.11	.057	0	.228	.033	0	.686	.004	0	.003	.182	1	.346	.02	0	.013	.132	1	.029	.107	1	.473	.012	0	.664	.004	0	.184	.04	0	.422	.015	0	.422	.015	0	0	.392	1	.631	.005	0	.02	.117	1
frech	impudent	5	4.976	12	3.917	3.583	2.333	2	3.75	2.167	2.958	4.083	4.583	5.083	5.083	4.333	5.083	4.708	5.083	4.417	5.083	3.333	4.75	4.208	4.479	5.083	6.333	5.333	5.75	5.708	5.542	5.625	4.667	4.75	3	2.583	4.708	2.792	3.75	1.917	1.833	1.833	1.917	1.875	1.875	1.875	4.75	4.375	1.125	0	1	0	.293	1	.373	.018	0	1	0	0	.021	.116	1	.428	.014	0	.428	.014	0	.214	.035	0	.007	.152	1	.214	.035	0	.689	.004	0	.05	.084	0	.32	.023	0	0	.272	1	.726	.003	0	.599	.006	0	1	0	0	1	0	0	.646	.005	0
friedlich	peaceful	9	12.432	11	6.583	6.083	5.833	5.833	6.333	5.833	6.083	1.833	1.833	1.75	2.667	1.833	2.208	2.021	5	4.833	3.917	4.417	4.917	4.167	4.542	4.75	5.333	4.75	5.25	5.042	5	5.021	6.167	6.083	5.917	5.667	6.125	5.792	5.958	3.667	4.25	3.833	4	3.958	3.917	3.938	5.938	5.938	1.333	.441	1	.209	.036	0	.527	.009	0	.527	.009	0	.202	.037	0	.121	.054	0	.121	.054	0	.069	.073	0	.681	.004	0	.412	.015	0	.936	0	0	.298	.025	0	.936	0	0	.304	.024	0	.605	.006	0	.796	.002	0	.834	.001	0	.064	.076	0	.297	.025	0
froehlich	cheerful	8	11.241	11	6.583	6.417	6.417	6.25	6.5	6.333	6.417	2	2.25	2	2.455	2.125	2.217	2.17	5.727	4.5	5.25	4.833	5.087	5.042	5.064	6.083	6.083	6.25	6.417	6.083	6.333	6.208	5.917	5.583	5.25	5	5.75	5.125	5.438	2.417	2.5	2.667	2.917	2.458	2.792	2.625	6.688	6.5	1.708	.486	2	.429	.014	0	.429	.014	0	1	0	0	.811	.001	0	.411	.016	0	.811	.001	0	.866	.001	0	.06	.08	0	.346	.021	0	.396	.016	0	.777	.002	0	.777	.002	0	.08	.068	0	.407	.016	0	.905	0	0	.136	.05	0	.452	.013	0	.706	.003	0
frustriert	frustated	10	4.47	13	1.833	1.75	2.333	2.25	1.792	2.292	2.042	6.25	5.75	6	5.333	6	5.667	5.833	1.833	2.167	3.167	2.333	2	2.75	2.375	3.75	4.667	3.75	4.5	4.208	4.125	4.167	3	2.917	1.75	2.667	2.958	2.208	2.583	3.25	2.75	2.917	3	3	2.958	2.979	1.375	2.063	1.958	.167	2	.026	.108	1	.703	.003	0	1	0	0	.355	.019	0	.109	.057	0	.816	.001	0	.069	.073	0	.538	.009	0	.155	.045	0	.88	.001	0	.137	.049	0	.88	.001	0	.079	.068	0	.323	.022	0	.237	.032	0	.882	.001	0	.461	.012	0	.303	.024	0
furchtlos	fearless	9	.8	15	5.083	5.083	5.25	5.25	5.083	5.25	5.167	2.917	3.25	3.833	4.417	3.083	4.125	3.604	5.167	5.25	4.727	5.5	5.208	5.13	5.17	3.917	5.417	5	4.5	4.667	4.75	4.708	3.333	4.5	5.417	4.333	3.917	4.875	4.396	2.333	2	2.167	2.167	2.167	2.167	2.167	5.125	4.813	1.75	.441	2	.635	.005	0	1	0	0	1	0	0	.036	.097	1	.345	.02	0	.796	.002	0	.837	.001	0	.354	.02	0	.454	.013	0	.864	.001	0	.306	.024	0	.044	.089	1	.032	.1	1	.924	0	0	.013	.133	1	1	0	0	.515	.01	0	.515	.01	0
furchtsam	frightened	9	.905	15	2.5	2.5	3.167	2.583	2.5	2.875	2.688	5.417	5.667	6	3.727	5.542	4.913	5.234	2.083	2.167	3	2.75	2.125	2.875	2.5	3.75	5.083	4.364	5.667	4.417	5.043	4.723	3	2.917	2.667	3	2.958	2.833	2.896	3.583	3.5	4	3.417	3.542	3.708	3.625	2.313	2.75	1.917	.167	2	.266	.028	0	.386	.017	0	.386	.017	0	.055	.083	0	.005	.167	1	.001	.238	1	.053	.083	0	.826	.001	0	.66	.004	0	.231	.033	0	.01	.143	1	.976	0	0	.725	.003	0	.725	.003	0	.557	.008	0	.406	.016	0	.1	.06	0	.215	.035	0
gebildet	educated	8	20.458	10	6.583	6.167	6.5	6.333	6.375	6.417	6.396	3	2.917	3.083	3.75	2.958	3.417	3.188	6	5.833	5.417	5.5	5.917	5.458	5.688	3.083	5.091	4.25	4.417	4.043	4.333	4.191	5.583	5.583	5.167	5.417	5.583	5.292	5.438	3.083	3.167	3.5	3.333	3.125	3.417	3.271	6.5	6.188	1.833	.441	2	.853	.001	0	.198	.037	0	.578	.007	0	.215	.035	0	.428	.014	0	.309	.024	0	.186	.039	0	.903	0	0	.716	.003	0	.653	.005	0	.052	.085	0	.098	.063	0	.285	.026	0	.645	.005	0	.645	.005	0	.244	.031	0	.867	.001	0	.616	.006	0
geduldig	patient	8	5.869	12	5.583	5.583	6.167	5.583	5.583	5.875	5.729	2.5	2.417	2.5	2	2.458	2.25	2.354	5.417	5.333	4.417	4.583	5.375	4.5	4.938	3.5	3.333	4	3.667	3.417	3.826	3.617	4.417	4.167	5.5	4.833	4.292	5.167	4.729	3.583	4	3.667	4	3.792	3.833	3.813	6.25	6.438	1.375	.527	1	.259	.029	0	.259	.029	0	.259	.029	0	.583	.007	0	.443	.013	0	.583	.007	0	.041	.091	1	.921	0	0	.765	.002	0	.434	.014	0	.638	.005	0	.875	.001	0	.035	.097	1	.26	.029	0	.607	.006	0	.838	.001	0	.07	.073	0	.838	.001	0
gehemmt	inhibited	7	1.535	14	2.364	2.083	2.667	2.583	2.217	2.625	2.426	5.5	5.833	4.667	4.167	5.667	4.417	5.042	2.583	1.667	2.182	2.583	2.125	2.391	2.255	3.25	3.333	4	3.917	3.292	3.957	3.617	2.083	2.75	2.333	2.583	2.417	2.458	2.438	3.417	3.083	3.083	3.333	3.25	3.208	3.229	2.063	2.313	1.792	.354	2	.146	.049	0	.506	.01	0	.718	.003	0	.001	.229	1	.81	.001	0	.234	.032	0	.545	.009	0	.545	.009	0	.126	.054	0	.202	.038	0	1	0	0	.872	.001	0	.929	0	0	.331	.021	0	.657	.005	0	.888	0	0	.888	0	0	.325	.022	0
gehorsam	obedient	8	1.161	14	2.75	2.75	5	4.5	2.75	4.75	3.75	5.833	4.833	3.75	4.333	5.333	4.042	4.688	3.333	2.833	5.25	3.417	3.083	4.333	3.708	4.167	5.5	4.333	4.167	4.833	4.25	4.542	3.333	2.833	3.583	3.083	3.083	3.333	3.208	3.5	3.417	3.667	3.167	3.458	3.417	3.438	3.313	3.063	1.167	.333	1	0	.423	1	.482	.011	0	.482	.011	0	.015	.128	1	.684	.004	0	.126	.052	0	.038	.095	1	.052	.083	0	.259	.029	0	.255	.029	0	.255	.029	0	.145	.048	0	.553	.008	0	.238	.032	0	1	0	0	.863	.001	0	.23	.033	0	.389	.017	0
geizig	stingy	6	.831	15	1.667	1.917	2	1.667	1.792	1.833	1.813	5.417	6	4.917	4.364	5.708	4.652	5.191	4.583	4.583	3.833	3.583	4.583	3.708	4.146	4.364	6.083	4.25	4.5	5.261	4.375	4.809	2.167	2.333	1.917	1.833	2.25	1.875	2.063	3.083	2.917	3.833	3.5	3	3.667	3.333	2.313	1.688	1.333	.441	1	.901	0	0	.901	0	0	.385	.017	0	.013	.134	1	.971	0	0	.177	.042	0	.083	.067	0	.801	.001	0	.801	.001	0	.12	.055	0	.073	.073	0	.177	.042	0	.381	.017	0	.922	0	0	.77	.002	0	.006	.158	1	.288	.026	0	.722	.003	0
gelangweilt	bored	11	3.126	13	2.25	2.75	2.75	2.333	2.5	2.542	2.521	2.75	3	2.667	2.333	2.87	2.5	2.681	2.917	2.5	2.917	2.917	2.708	2.917	2.813	4.167	5.917	3.667	3.917	5.042	3.792	4.417	2.583	2.833	2.083	2.917	2.708	2.5	2.604	3	2	1.917	2.583	2.5	2.25	2.375	1.813	1.938	1.75	.441	2	.89	0	0	.89	0	0	.133	.05	0	.403	.016	0	.926	0	0	.515	.01	0	.532	.009	0	.532	.009	0	.532	.009	0	.011	.137	1	.04	.092	1	.12	.054	0	.632	.005	0	.216	.035	0	.503	.01	0	.429	.014	0	.597	.006	0	.011	.139	1
gelassen	at ease	8	42.879	9	6	6	5.917	5.333	6	5.625	5.813	1.5	1.667	1.75	2.333	1.583	2.042	1.813	4.75	4.667	4.083	3.417	4.708	3.75	4.229	3.25	4	4.818	2.636	3.625	3.727	3.674	4.417	5.25	5.333	5.333	4.833	5.333	5.083	3.25	3.667	3.636	3.917	3.458	3.783	3.617	6.063	5.625	1.917	0	2	.199	.037	0	.316	.023	0	.316	.023	0	.138	.049	0	.223	.034	0	.496	.011	0	.055	.081	0	.445	.013	0	.552	.008	0	.844	.001	0	.173	.044	0	.007	.161	1	.14	.049	0	.217	.034	0	.217	.034	0	.243	.032	0	.201	.038	0	.801	.001	0
gemuetlich	comfortable	9	6.503	12	5.917	6.083	5.833	5.5	6	5.667	5.833	1.25	1.5	1.5	1.5	1.375	1.5	1.438	3.917	4.083	3.917	3.667	4	3.792	3.896	5.667	5.667	5	5.25	5.667	5.125	5.396	5	4.917	5.25	5.083	4.958	5.167	5.063	4.25	3.917	4.5	3.75	4.083	4.125	4.104	5.688	5.625	1.625	.441	2	.246	.03	0	.77	.002	0	.383	.017	0	.536	.009	0	.536	.009	0	.536	.009	0	.687	.004	0	.936	0	0	.687	.004	0	.175	.041	0	.752	.002	0	.752	.002	0	.62	.006	0	.766	.002	0	.921	0	0	.847	.001	0	.015	.126	1	.338	.021	0
genuegsam	modest	8	.519	16	4.083	4.167	4.417	4.167	4.125	4.292	4.208	2.833	3	3.083	3	2.917	3.042	2.979	4.083	4.667	4.333	3.917	4.375	4.125	4.25	2.583	3.333	4.75	3.25	2.958	4	3.479	4	4.667	5.917	5	4.333	5.458	4.896	4.083	3.833	3.917	3.917	3.958	3.917	3.938	4.813	5.313	1.542	.486	2	.669	.004	0	.831	.001	0	.669	.004	0	.676	.004	0	.889	0	0	.676	.004	0	.595	.006	0	.859	.001	0	.29	.025	0	.049	.085	1	.47	.012	0	.034	.098	1	.019	.118	1	.789	.002	0	.095	.062	0	.824	.001	0	.507	.01	0	.507	.01	0
gerecht	just	7	22.117	10	6.167	6	6.583	6.583	6.083	6.583	6.333	2.75	2.75	2.333	3.583	2.75	2.958	2.854	5.417	5.5	5.417	5.917	5.458	5.667	5.563	4.333	4.583	3.583	2.417	4.458	3	3.729	6.167	5.25	6.083	5.667	5.708	5.875	5.792	3.167	3.417	3.333	3.333	3.292	3.333	3.313	6.188	6.438	1.208	.441	1	.034	.098	1	.717	.003	0	.717	.003	0	.617	.006	0	.137	.049	0	.137	.049	0	.552	.008	0	.406	.016	0	.552	.008	0	.015	.128	1	.428	.014	0	.223	.034	0	.555	.008	0	.022	.114	1	.377	.018	0	.799	.001	0	.445	.013	0	.445	.013	0
gereizt	irritated	7	5.102	12	1.583	1.5	1.833	1.75	1.542	1.792	1.667	6.333	6.5	6.167	5.917	6.417	6.042	6.229	3	2.667	3.083	3	2.833	3.042	2.938	4.083	4.5	5.583	5.333	4.292	5.458	4.875	2.833	2.667	2.364	2.75	2.75	2.565	2.66	2.917	2.833	3.5	3.167	2.875	3.333	3.104	1.875	2.063	1.333	.486	1	.225	.033	0	.684	.004	0	1	0	0	.112	.056	0	.858	.001	0	.373	.018	0	.64	.005	0	.64	.005	0	.779	.002	0	.027	.106	1	.871	.001	0	.517	.01	0	.659	.005	0	.801	.001	0	.528	.009	0	.066	.075	0	.396	.016	0	.61	.006	0
geschickt	skilful	9	42.038	9	5.75	5.583	5.917	6.5	5.667	6.208	5.938	3.167	3.5	3	3.25	3.333	3.125	3.229	5.75	5.5	4.667	5.25	5.625	4.958	5.292	4	3.917	4.75	4.25	3.957	4.5	4.234	5.25	4.667	6.167	4.333	4.958	5.25	5.104	2.417	2.25	2.75	2.455	2.333	2.609	2.468	5.813	5.25	2	0	2	.083	.067	0	.498	.01	0	.225	.033	0	.573	.007	0	.43	.014	0	.91	0	0	.055	.081	0	.624	.006	0	.224	.033	0	.272	.028	0	.552	.008	0	.671	.004	0	.438	.014	0	.002	.193	1	.1	.06	0	.226	.034	0	.297	.025	0	.77	.002	0
geschwaetzig	gossipy	11	.422	16	3.583	3.583	1.667	1.917	3.583	1.792	2.688	3.167	4.167	4.833	4	3.667	4.435	4.043	3.417	3.833	4.167	2.583	3.625	3.375	3.5	4.5	5.333	5.167	5.333	4.917	5.25	5.083	4.5	4.167	2.5	2.167	4.333	2.333	3.333	3.583	3.333	3.167	3.25	3.458	3.208	3.333	3.688	3.438	1	0	1	0	.385	1	.716	.003	0	.716	.003	0	.124	.054	0	.862	.001	0	.062	.079	0	.578	.007	0	.198	.037	0	.03	.102	1	.469	.012	0	.279	.027	0	.469	.012	0	0	.287	1	.487	.011	0	1	0	0	.366	.019	0	.762	.002	0	.545	.008	0
gesellig	sociable	8	.494	16	5.417	5.917	5.833	5.25	5.667	5.542	5.604	2.583	2.083	2.75	3.083	2.333	2.917	2.625	4.917	4.833	5.083	4.833	4.875	4.958	4.917	5.333	5.583	5.5	5.75	5.458	5.625	5.542	5.75	5.25	5.667	4.75	5.5	5.208	5.354	2.25	2.833	2.75	3.083	2.542	2.917	2.729	6.125	6	1.083	.333	1	.642	.005	0	.877	.001	0	.049	.085	1	.124	.053	0	.824	.001	0	.269	.028	0	.828	.001	0	.665	.004	0	.828	.001	0	.731	.003	0	.607	.006	0	1	0	0	.517	.01	0	.12	.054	0	.643	.005	0	.268	.028	0	.178	.041	0	.71	.003	0
gespraechig	talkative	10	.587	15	5.333	5.083	5.167	4.667	5.208	4.917	5.063	2.917	2.667	3.75	3.667	2.792	3.708	3.25	5	4.167	5	4.333	4.583	4.667	4.625	4.667	4.417	5.25	4.5	4.542	4.875	4.708	5.417	5.25	5.417	4.75	5.333	5.083	5.208	3.167	3.417	2.333	3.25	3.292	2.792	3.042	5.313	5.625	1.083	.333	1	.357	.019	0	.238	.031	0	.692	.004	0	.034	.098	1	.692	.004	0	.843	.001	0	.809	.001	0	.034	.098	1	.809	.001	0	.551	.008	0	.373	.018	0	.655	.005	0	.503	.01	0	.266	.028	0	.503	.01	0	.067	.074	0	.034	.098	1	.218	.034	0
gesund	healthy	6	15.579	11	6.917	6.083	6.75	6.333	6.5	6.542	6.521	2.167	2	2.167	3	2.083	2.583	2.333	5.5	5.917	4.083	4.5	5.708	4.292	5	6	4.917	4.667	5.25	5.458	4.958	5.208	5.917	5.917	4.917	4.5	5.917	4.708	5.313	1.5	1.667	1.917	2.167	1.583	2.042	1.813	6.875	6	2	0	2	.848	.001	0	.006	.159	1	.341	.021	0	.192	.038	0	.382	.017	0	.192	.038	0	.018	.12	1	.474	.012	0	1	0	0	.386	.017	0	.663	.004	0	.151	.046	0	.01	.14	1	.647	.005	0	.647	.005	0	.054	.082	0	.373	.018	0	.858	.001	0
gewissenhaft	conscientious	12	1.924	14	5.333	4.833	6.5	6.25	5.083	6.375	5.729	4.583	4.75	3.667	4.333	4.667	4	4.333	5.583	5.583	5.5	6	5.583	5.739	5.66	2.917	2.833	4.167	3.583	2.875	3.875	3.375	6	4.667	6.167	5.833	5.333	6	5.667	3.583	3.833	3.833	4	3.708	3.917	3.813	5.938	5.938	1.75	.5	2	0	.265	1	.254	.029	0	.702	.003	0	.163	.044	0	.38	.018	0	.597	.006	0	.622	.006	0	.46	.013	0	.46	.013	0	.063	.076	0	.528	.009	0	.636	.005	0	.039	.093	1	.011	.138	1	.118	.055	0	.316	.023	0	.316	.023	0	.84	.001	0
gierig	greedy	6	1.732	14	2.167	1.917	1.583	1.583	2.042	1.583	1.813	6.083	6.25	6.083	6.167	6.167	6.125	6.146	2.833	2.909	4.583	3	2.87	3.792	3.34	4.917	6	4.417	5.167	5.458	4.792	5.125	2.583	3.333	1.417	1.583	2.958	1.5	2.229	2.417	2.083	2	2.333	2.25	2.167	2.208	2.25	1.813	1.25	.441	1	.031	.101	1	.547	.008	0	.547	.008	0	.851	.001	0	.574	.007	0	.851	.001	0	.111	.058	0	.19	.04	0	.15	.048	0	.188	.039	0	.073	.071	0	.74	.003	0	0	.248	1	.238	.032	0	.45	.013	0	.688	.004	0	1	0	0	.114	.056	0
gluecklich	happy	9	40.126	9	6.917	6.75	6.917	6.583	6.833	6.75	6.792	2.333	1.667	1.417	2.167	2	1.792	1.896	5.25	4.667	3.667	4.583	4.958	4.125	4.542	6.167	5.583	6.364	5.364	5.875	5.864	5.87	6	5.667	5.25	5.75	5.833	5.5	5.667	2.917	3	2.833	3.25	2.958	3.042	3	6.938	6.688	2	0	2	.598	.006	0	.118	.055	0	.598	.006	0	.627	.005	0	.923	0	0	.104	.059	0	.08	.068	0	.722	.003	0	.114	.056	0	.981	0	0	.098	.064	0	.659	.005	0	.388	.017	0	.828	.001	0	.282	.026	0	.691	.004	0	.236	.032	0	.427	.014	0
grausam	cruel	7	5.978	12	1	1.167	1	1.25	1.083	1.125	1.104	6.333	6.5	6.833	6.583	6.417	6.708	6.563	3.833	4.25	4.667	3.5	4.042	4.083	4.063	5.75	6.167	5.583	6	5.958	5.792	5.875	1	2	1.091	1.417	1.5	1.261	1.383	2.917	2.75	2.75	2.75	2.833	2.75	2.792	1.313	1.063	1.083	.333	1	.696	.004	0	.055	.081	0	.696	.004	0	.198	.037	0	.853	.001	0	.355	.019	0	.952	0	0	.59	.007	0	.258	.029	0	.71	.003	0	.355	.019	0	1	0	0	.317	.023	0	.009	.147	1	.173	.043	0	.578	.007	0	.578	.007	0	.578	.007	0
gruendlich	thorough	9	15.635	11	4.75	4.667	6.417	6.083	4.708	6.25	5.479	4.417	4.75	3.917	3.583	4.583	3.75	4.167	5.583	5.667	5.333	5.333	5.625	5.333	5.479	3.5	4.417	4.417	3.667	3.958	4.042	4	5.417	4.583	6.083	6	5	6.042	5.521	3.667	3.5	3.333	3.917	3.583	3.625	3.604	5.813	5.375	1.917	.333	2	0	.451	1	.421	.015	0	.629	.005	0	.066	.075	0	1	0	0	.454	.013	0	.353	.02	0	.894	0	0	.894	0	0	.881	.001	0	.881	.001	0	.139	.049	0	.001	.218	1	.131	.051	0	.214	.035	0	.807	.001	0	.227	.033	0	.033	.1	1
guetig	kind	5	1.511	14	6.25	5.75	6.833	6.083	6	6.458	6.229	1.917	2.167	2.25	2.273	2.042	2.261	2.149	5.25	5.5	4.833	4	5.375	4.417	4.896	3.833	3.583	5.25	4.182	3.708	4.739	4.213	5.083	4.583	5.667	5.083	4.833	5.375	5.104	4.083	3.833	3.833	4.091	3.958	3.957	3.957	5.813	5.938	1.083	.333	1	.074	.071	0	.016	.124	1	.62	.006	0	.476	.012	0	.657	.005	0	.712	.003	0	.035	.097	1	.512	.01	0	.226	.033	0	.09	.065	0	.263	.029	0	.485	.011	0	.142	.048	0	.142	.048	0	.909	0	0	.985	0	0	.985	0	0	.2	.038	0
harmlos	harmless	7	7.908	12	4.417	4.417	4.667	4.333	4.417	4.5	4.458	1.917	1.667	3	2.167	1.792	2.583	2.188	3.75	3.333	3.417	2.75	3.542	3.083	3.313	3.333	3.583	4	2.273	3.458	3.174	3.319	4.75	4.083	4	3.083	4.417	3.542	3.979	3.5	3.75	3.333	3.833	3.625	3.583	3.604	4.125	4.5	1.167	.441	1	.838	.001	0	.684	.004	0	.684	.004	0	.01	.143	1	.071	.072	0	.325	.022	0	.288	.026	0	.211	.035	0	.771	.002	0	.565	.008	0	.191	.039	0	.082	.069	0	.094	.062	0	.129	.052	0	.808	.001	0	.866	.001	0	.132	.051	0	.612	.006	0
haesslich	ugly	7	3.174	13	1.75	2	2.333	2.25	1.875	2.292	2.083	4.25	5	4.417	4.5	4.625	4.458	4.542	3.25	2.75	2.917	3	3	2.957	2.979	6.333	6.75	5.417	6.833	6.542	6.125	6.333	2.083	1.75	2.417	2.833	1.917	2.625	2.271	3.25	3.167	3.083	3.667	3.208	3.375	3.292	2	3.188	1.708	.441	2	.179	.041	0	.786	.002	0	.588	.007	0	.624	.006	0	.224	.033	0	.329	.022	0	.914	0	0	.588	.007	0	.449	.013	0	.283	.026	0	.021	.115	1	.199	.037	0	.103	.059	0	.923	0	0	.383	.017	0	.391	.017	0	.2	.037	0	.09	.064	0
heiter	bright	6	9.268	12	6.083	5.917	6.167	6.083	6	6.125	6.063	2.667	2.833	3	3.182	2.75	3.087	2.915	5.167	4.417	4.167	4.25	4.792	4.208	4.5	5.583	5.583	5.917	5.333	5.583	5.625	5.604	6	5.583	5.417	5.167	5.792	5.292	5.542	2.917	2.75	2.833	2.667	2.833	2.75	2.792	6.125	5.875	2	0	2	.579	.007	0	.579	.007	0	.853	.001	0	.485	.011	0	.72	.003	0	.988	0	0	.225	.033	0	.485	.011	0	.384	.017	0	.923	0	0	.501	.01	0	.501	.01	0	.117	.055	0	.292	.025	0	.791	.002	0	.682	.004	0	.413	.015	0	1	0	0
hektisch	hectic	8	3.988	13	2.5	2.417	1.75	2.25	2.458	2	2.229	6.583	6.25	6.25	5.917	6.417	6.083	6.25	2.833	2.667	3.917	1.917	2.75	2.917	2.833	5.5	6	5.083	5	5.75	5.043	5.404	4	3.25	2.667	2.75	3.625	2.708	3.167	2	1.833	2	1.727	1.917	1.87	1.894	2.688	2.875	1.417	.486	1	.063	.077	0	.39	.017	0	.231	.032	0	.185	.04	0	.185	.04	0	1	0	0	.714	.003	0	.021	.115	1	.049	.085	1	.154	.047	0	.671	.004	0	.553	.008	0	.068	.073	0	.501	.01	0	.4	.016	0	.822	.001	0	.355	.02	0	.822	.001	0
hemmungslos	unrestrained	11	2.659	13	3.667	4.167	1.5	1.833	3.917	1.667	2.792	3.083	3.167	5.417	5.333	3.125	5.375	4.25	3.167	3.167	2.75	2.167	3.167	2.458	2.813	3.833	5.417	5.909	4.75	4.625	5.304	4.957	3.333	4.25	1.333	1.417	3.792	1.375	2.583	2.167	1.833	2.083	2.364	2	2.217	2.106	3.875	3.75	1.333	.433	1	0	.525	1	.203	.036	0	.797	.002	0	0	.275	1	1	0	0	.88	.001	0	.228	.033	0	.617	.006	0	.617	.006	0	.194	.039	0	.693	.004	0	.014	.133	1	0	.521	1	.16	.044	0	.24	.031	0	.338	.021	0	.909	0	0	.19	.04	0
hilflos	helpless	7	9.555	11	2.583	2.417	2.25	2.667	2.5	2.458	2.479	5.667	5.5	5.818	4.833	5.583	5.304	5.447	1.333	1.083	1.818	2	1.208	1.913	1.553	4.167	4.917	4.667	4.917	4.542	4.792	4.667	2.25	2	2.083	1.75	2.125	1.917	2.021	4.25	4	3.75	3.833	4.125	3.792	3.958	1.563	2.5	1.75	.441	2	.906	0	0	.723	.003	0	.409	.016	0	.483	.011	0	.121	.055	0	.268	.028	0	.013	.134	1	.901	0	0	.431	.014	0	.652	.005	0	.369	.018	0	.652	.005	0	.524	.009	0	.373	.018	0	.898	0	0	.141	.048	0	.71	.003	0	.458	.013	0
hoeflich	polite	7	7.069	12	5.667	5.75	6.417	5.917	5.708	6.167	5.938	3.583	3.083	2.917	2.75	3.333	2.833	3.083	4.917	5.083	4.583	4.917	5	4.75	4.875	4.182	5.083	5.417	4.333	4.652	4.875	4.766	6.083	5.75	5.917	5.75	5.917	5.833	5.875	3.25	3.667	3.75	3.583	3.458	3.667	3.563	5.688	5.75	1	0	1	.081	.068	0	.421	.015	0	.262	.029	0	.161	.044	0	.347	.02	0	.637	.005	0	.489	.011	0	.489	.011	0	.817	.001	0	.589	.007	0	.839	.001	0	.031	.103	1	.796	.002	0	.44	.014	0	.796	.002	0	.266	.028	0	.503	.01	0	.122	.053	0
impulsiv	impulsive	8	.543	16	5.417	5.083	5.25	5.182	5.25	5.217	5.234	4.75	5.25	4.917	5.667	5	5.292	5.146	4.25	2.917	4.25	3.75	3.583	4	3.792	4.417	3.917	5.25	4.75	4.167	5	4.583	5.167	4	6.25	4	4.583	5.125	4.854	1.917	1.833	2	1.833	1.875	1.917	1.896	4.313	4.438	1.625	.441	2	.934	0	0	.625	.006	0	.746	.002	0	.537	.009	0	.189	.039	0	.791	.002	0	.382	.017	0	.059	.079	0	.382	.017	0	.142	.048	0	.375	.018	0	1	0	0	.155	.045	0	0	.321	1	.155	.045	0	.847	.001	0	.563	.008	0	.847	.001	0
intelligent	intelligent	11	4.418	13	6.583	6.25	6.667	6.417	6.417	6.542	6.479	2.667	3.5	3.667	4.167	3.083	3.917	3.5	6.167	6.083	4.75	5.167	6.125	4.958	5.542	4.167	4.583	4.75	2.917	4.375	3.833	4.104	5.917	5.667	5.167	5.75	5.792	5.458	5.625	3	2.417	3	2.75	2.708	2.875	2.792	6.625	6.438	1.917	.333	2	.511	.01	0	.129	.052	0	.826	.001	0	.067	.074	0	.14	.049	0	.709	.003	0	.014	.131	1	.715	.003	0	.584	.007	0	.342	.021	0	.216	.035	0	.052	.083	0	.218	.034	0	.535	.009	0	.125	.053	0	.331	.022	0	.018	.121	1	.331	.022	0
interessiert	interested	12	55.203	9	6	5.917	6.417	6.083	5.958	6.25	6.104	4.75	3.917	5.083	5.167	4.333	5.125	4.729	6.083	5.917	5.75	6	6	5.875	5.938	4	4.333	4.818	3.75	4.174	4.261	4.217	6.25	6.083	6.25	5.833	6.167	6.042	6.104	2.583	2.083	2.25	2.667	2.333	2.458	2.396	6.563	6.688	1.458	.486	1	.185	.04	0	.341	.021	0	.567	.008	0	.078	.069	0	.398	.016	0	.302	.024	0	.698	.003	0	.897	0	0	.518	.01	0	.84	.001	0	.528	.01	0	.231	.034	0	.684	.004	0	.344	.02	0	.684	.004	0	.638	.005	0	.875	.001	0	.089	.064	0
ironisch	ironic	8	6.9	12	4.333	4.583	2.583	4	4.458	3.292	3.875	4.25	4.167	5.273	4.333	4.208	4.783	4.489	4.583	5.333	4.167	4.5	4.958	4.333	4.646	3.417	2.75	4.417	3.917	3.083	4.167	3.625	4.667	6	3.5	4.364	5.333	3.913	4.638	2.083	2.25	3.25	3.5	2.167	3.375	2.771	5.313	5.438	1.333	.5	1	.007	.156	1	.048	.086	1	.161	.044	0	.115	.057	0	.173	.043	0	.253	.03	0	.112	.057	0	.166	.043	0	.591	.007	0	.085	.066	0	.347	.02	0	.893	0	0	.004	.178	1	.021	.118	1	.611	.006	0	0	.365	1	.39	.017	0	.863	.001	0
irritiert	confused	9	6.722	12	3	2.917	3.417	2.75	2.958	3.083	3.021	5	4.833	5.25	4.5	4.917	4.875	4.896	3.333	2.25	3.167	2.667	2.792	2.917	2.854	4.25	4.167	4.083	3.75	4.208	3.917	4.063	2.583	2.083	2.25	2.75	2.333	2.5	2.417	3.167	3.583	3.333	3.333	3.375	3.333	3.354	2.563	3.063	1.75	.441	2	.674	.004	0	.211	.035	0	.329	.022	0	.916	0	0	.248	.03	0	.46	.012	0	.684	.004	0	.013	.132	1	.345	.02	0	.564	.008	0	.68	.004	0	.805	.001	0	.655	.005	0	1	0	0	.184	.04	0	.862	.001	0	.386	.017	0	.386	.017	0
jung	young	4	19.92	10	6.333	6	5.667	5.417	6.167	5.542	5.854	3.333	3.417	3.5	3.917	3.375	3.708	3.542	5.083	4.917	3.917	4.417	5	4.167	4.583	6.083	6.417	6.333	6	6.25	6.174	6.213	6.333	6.333	1.417	2.25	6.333	1.833	4.083	1.167	1	1.333	1.5	1.083	1.417	1.25	4.813	4.313	1.917	.333	2	.045	.089	1	.34	.021	0	.891	0	0	.423	.015	0	.547	.008	0	.688	.004	0	.144	.048	0	.767	.002	0	.555	.008	0	.825	.001	0	1	0	0	.378	.018	0	0	.845	1	.158	.045	0	.158	.045	0	.042	.091	1	1	0	0	.3	.024	0
kaempferisch	belligerent	11	3.782	13	4.417	4.667	5.083	5.167	4.542	5.125	4.833	6.667	6.25	6.333	6.5	6.458	6.417	6.438	6	5.583	6.25	5.333	5.792	5.792	5.792	5.75	6.167	6.167	5.583	5.958	5.875	5.917	5.167	4	5.25	4.917	4.583	5.083	4.833	1.833	1.75	2	1.917	1.792	1.958	1.875	5.438	4.688	1.708	.441	2	.127	.052	0	.659	.004	0	.825	.001	0	.848	.001	0	.565	.008	0	.183	.04	0	1	0	0	.066	.075	0	.483	.011	0	.828	.001	0	.828	.001	0	.196	.038	0	.281	.026	0	.109	.057	0	.368	.018	0	.325	.022	0	.622	.006	0	1	0	0
kontrolliert	controlled	12	21.656	10	3.083	3.417	4.75	5	3.25	4.875	4.063	5.083	5.583	4.75	4.917	5.333	4.833	5.083	5.667	4.333	5.583	4.667	5	5.125	5.063	3.167	3.083	4	3.5	3.125	3.75	3.438	4.5	4.167	5.5	5.167	4.333	5.333	4.833	3	3.75	3.667	3.75	3.375	3.708	3.542	4.625	4.5	1.667	.527	2	0	.289	1	.452	.013	0	.914	0	0	.142	.048	0	.324	.022	0	.621	.006	0	.843	.001	0	.081	.068	0	.742	.002	0	.196	.038	0	.543	.008	0	.664	.004	0	.017	.123	1	.411	.015	0	1	0	0	.134	.05	0	.063	.076	0	.134	.05	0
konzentriert	concentrating	12	23.716	10	5.25	5.167	6.167	5.917	5.208	6.042	5.625	5.083	5.333	4.75	5.083	5.208	4.917	5.063	6.333	6.417	6.25	5.833	6.375	6.042	6.208	4.5	4.917	4.364	3.583	4.708	3.957	4.34	5.25	5.333	6.083	5.667	5.292	5.875	5.583	2.25	2.667	2.833	2.75	2.458	2.792	2.625	6.313	5.75	2	0	2	.004	.178	1	.54	.009	0	.759	.002	0	.542	.009	0	.542	.009	0	.93	0	0	.301	.024	0	.603	.006	0	.436	.014	0	.148	.048	0	.717	.003	0	.236	.032	0	.071	.072	0	.6	.006	0	.432	.014	0	.226	.033	0	.542	.009	0	.362	.019	0
kraftvoll	powerful	9	2.579	13	5.667	5.25	5.833	5.833	5.458	5.833	5.646	5.417	5.25	5	5.083	5.333	5.042	5.188	5.5	5.667	5.083	5.167	5.583	5.125	5.354	5.5	5.25	5.75	5.167	5.375	5.458	5.417	5.083	4.833	4.167	4.75	4.958	4.458	4.708	1.75	1.667	1.917	1.667	1.708	1.792	1.75	5.938	6.063	2	0	2	.159	.044	0	.431	.014	0	.431	.014	0	.515	.01	0	.926	0	0	.78	.002	0	.16	.044	0	.698	.003	0	.897	0	0	.837	.001	0	.305	.024	0	.68	.004	0	.234	.032	0	.689	.004	0	.32	.023	0	.64	.005	0	.351	.02	0	.64	.005	0
krank	ill	5	21.402	10	2.167	1.833	1.917	2.417	2	2.167	2.083	4.667	4.75	4.667	4.417	4.708	4.542	4.625	1.917	1.5	3.25	3.333	1.708	3.292	2.5	6.25	6.333	5.167	6	6.292	5.583	5.938	2.167	1.75	2.667	3.167	1.958	2.917	2.438	4.5	4.333	4.167	4.333	4.417	4.25	4.333	1.563	2.563	1.958	.167	2	.647	.005	0	.819	.001	0	.256	.029	0	.701	.003	0	.848	.001	0	.701	.003	0	.002	.194	1	.733	.003	0	.61	.006	0	.112	.056	0	.299	.024	0	.395	.017	0	.049	.085	1	.93	0	0	.338	.021	0	.372	.018	0	1	0	0	.372	.018	0
kreativ	creative	7	4.052	13	6.25	5.917	6.417	6.167	6.083	6.292	6.188	2.917	2.583	3.083	4.25	2.75	3.667	3.208	5.167	4.5	5.167	5.417	4.833	5.292	5.063	5.667	5.083	5.917	4.667	5.375	5.292	5.333	5.167	5.5	5.667	4.818	5.333	5.261	5.298	2.167	1.833	2.5	2.182	2	2.348	2.17	6.313	6.188	1.75	.441	2	.525	.009	0	.374	.018	0	.899	0	0	.089	.064	0	.434	.014	0	.162	.044	0	.315	.023	0	.646	.005	0	.315	.023	0	.867	.001	0	.071	.072	0	.504	.01	0	.838	.001	0	.564	.008	0	.189	.04	0	.125	.054	0	.142	.049	0	.972	0	0
kritisch	critical	8	20.751	10	4.25	4.417	5.25	5.5	4.333	5.375	4.854	5.333	5.083	5	5.167	5.208	5.083	5.146	5.75	5.083	5.25	5.667	5.417	5.458	5.438	2.917	3.25	3.75	3.417	3.083	3.583	3.333	5.667	5.417	6	5.5	5.542	5.75	5.646	2.75	2.833	3.25	3.636	2.792	3.435	3.106	5.625	5.438	1.5	.527	2	.018	.121	1	.625	.005	0	.922	0	0	.724	.003	0	.906	0	0	.556	.008	0	.901	0	0	.708	.003	0	.11	.057	0	.297	.025	0	1	0	0	.485	.011	0	.528	.009	0	.258	.029	0	.704	.003	0	.034	.1	1	.435	.014	0	.613	.006	0
lahm	lame	4	4.55	13	2.083	2.417	2.417	2.167	2.25	2.292	2.271	3	3	2.75	2.75	3	2.75	2.875	2.833	2.083	2.167	2.083	2.458	2.125	2.292	4.75	4.545	4.833	5.417	4.652	5.125	4.894	1.5	2.5	1.917	1.833	2	1.875	1.938	3.667	4.167	3.667	3.917	3.917	3.792	3.854	1.75	1.875	1.75	.441	2	.875	.001	0	.875	.001	0	.273	.027	0	.609	.006	0	1	0	0	1	0	0	.325	.022	0	.22	.034	0	.325	.022	0	.415	.016	0	.745	.002	0	.5	.011	0	.744	.002	0	.235	.032	0	.162	.044	0	.543	.008	0	.072	.071	0	.543	.008	0
langsam	slowly	7	62.801	9	3	3.25	2.917	3	3.125	2.958	3.042	2.417	2.833	2.333	2.583	2.625	2.458	2.542	3.833	3.5	3.167	3.583	3.667	3.375	3.521	5.167	5.083	5.583	4.417	5.125	5	5.063	2.167	3.25	2.583	2.417	2.708	2.5	2.604	4.25	4.333	3.917	3.917	4.292	3.917	4.104	2.5	2.375	1.833	.354	2	.602	.006	0	.602	.006	0	.794	.002	0	.709	.003	0	.457	.013	0	.852	.001	0	.482	.011	0	.92	0	0	.367	.019	0	.798	.002	0	.205	.036	0	.271	.028	0	.627	.005	0	.288	.026	0	.149	.047	0	.078	.069	0	.842	.001	0	.842	.001	0
launisch	moody	8	.628	15	2.083	2.083	1.583	1.917	2.083	1.75	1.917	5.5	5.167	5.5	5.083	5.333	5.292	5.313	2.583	2.25	3.417	2.333	2.417	2.875	2.646	4.417	3.25	4.455	3.727	3.833	4.091	3.957	3.25	3.417	1.75	2.5	3.333	2.125	2.729	2.917	3	2.917	3.667	2.958	3.292	3.125	1.875	1.75	1.208	.441	1	.167	.043	0	.486	.011	0	.486	.011	0	.911	0	0	.317	.023	0	.911	0	0	.23	.033	0	.066	.075	0	.324	.022	0	.647	.005	0	.097	.064	0	.696	.004	0	.006	.159	1	.279	.027	0	.489	.011	0	.277	.027	0	.176	.041	0	.277	.027	0
lebhaft	lively	7	5.408	12	6.083	5.917	6.083	5.5	6	5.792	5.896	3.917	3.833	5.083	4.818	3.875	4.957	4.404	4.833	5.083	4.5	4.083	4.958	4.292	4.625	5.5	5.333	5.583	5.583	5.417	5.583	5.5	5.917	5.667	6	4.333	5.792	5.167	5.479	1.75	1.364	1.917	1.833	1.565	1.875	1.723	5.938	5.625	1.667	.441	2	.428	.014	0	.157	.045	0	.428	.014	0	.021	.118	1	.699	.004	0	.84	.001	0	.091	.064	0	.83	.001	0	.392	.017	0	.662	.004	0	.827	.001	0	.827	.001	0	.032	.1	1	.001	.207	1	.016	.125	1	.112	.058	0	.237	.032	0	.444	.014	0
liberal	liberal	7	2.883	13	5.333	4.417	6.25	5.167	4.875	5.708	5.292	2.667	2.75	2.667	3.25	2.708	2.958	2.833	4.25	4.25	4	4.667	4.25	4.333	4.292	2.167	2.333	3.25	2.417	2.25	2.833	2.542	4.667	4.25	5.417	5.083	4.458	5.25	4.854	2.833	2.667	3.417	3.417	2.75	3.417	3.083	5.5	5.5	1.292	.441	1	.006	.161	1	.001	.216	1	.773	.002	0	.507	.01	0	.378	.018	0	.507	.01	0	.85	.001	0	.45	.013	0	.45	.013	0	.252	.03	0	.511	.01	0	.325	.022	0	.06	.078	0	.365	.019	0	.92	0	0	.008	.15	1	.729	.003	0	.729	.003	0
listig	wily	6	1.397	14	3	2.833	3.167	2.5	2.917	2.833	2.875	5	5.167	5.417	5.273	5.083	5.348	5.213	6	5.583	5.167	5.583	5.792	5.375	5.583	4	5.083	3.917	4	4.542	3.958	4.25	3	3.333	1.333	2	3.167	1.667	2.417	2.917	2.417	3.083	3.083	2.667	3.083	2.875	3.625	2.625	1.25	.441	1	.849	.001	0	.344	.02	0	.569	.007	0	.517	.01	0	.977	0	0	.7	.003	0	.236	.032	0	1	0	0	.236	.032	0	.292	.025	0	.292	.025	0	.365	.019	0	0	.306	1	.149	.047	0	.627	.005	0	.055	.081	0	.244	.031	0	.244	.031	0
lustig	jovial	6	17.447	11	6.417	6.5	6	5.917	6.458	5.958	6.208	2.583	2.083	2.5	3.083	2.333	2.792	2.563	4.667	4.25	3.667	4.333	4.458	4	4.229	6.167	6.25	6.167	5.364	6.208	5.783	6	5.667	5.833	5.25	4.833	5.75	5.042	5.396	2.667	2.333	2.5	2.25	2.5	2.375	2.438	6.063	6.063	1.708	.486	2	.026	.108	1	1	0	0	.703	.003	0	.267	.028	0	.919	0	0	.191	.039	0	.312	.023	0	.782	.002	0	.234	.032	0	.295	.025	0	.394	.017	0	.295	.025	0	.042	.091	1	.713	.003	0	.393	.017	0	.594	.007	0	.217	.034	0	.859	.001	0
mitfuehlend	compassionate	10	.457	16	6.083	5.333	5.917	5	5.708	5.458	5.583	3.167	2.833	2.75	3.75	3	3.25	3.125	4.917	4.833	5.167	4.083	4.875	4.625	4.75	3.75	4.25	4.917	3.333	4	4.125	4.063	6.083	5.25	6.25	4.833	5.667	5.542	5.604	3.333	3.167	3.917	3.917	3.25	3.917	3.583	5.938	6.188	1.083	.333	1	.414	.015	0	.009	.147	1	.785	.002	0	.593	.007	0	.477	.012	0	.158	.045	0	.575	.007	0	.194	.038	0	.264	.028	0	.802	.001	0	.281	.026	0	.042	.091	1	.684	.004	0	.001	.236	1	.344	.02	0	.01	.142	1	.737	.003	0	.737	.003	0
moralisch	moral	9	8.094	12	3.25	3.083	3.667	3.917	3.167	3.792	3.479	4.917	5	4.5	4.182	4.958	4.348	4.66	5.083	4.5	3.75	4	4.792	3.875	4.333	2.833	3.083	3.833	2.833	2.958	3.333	3.146	3.833	3.333	3.75	4.417	3.583	4.083	3.833	4	4.083	3.917	3.5	4.042	3.708	3.875	4.563	4.563	1.208	.441	1	.086	.066	0	.907	0	0	.561	.008	0	.06	.08	0	.715	.003	0	.533	.009	0	.009	.144	1	.624	.006	0	.224	.033	0	.46	.012	0	.46	.012	0	.221	.034	0	.269	.028	0	.853	.001	0	.199	.037	0	.146	.047	0	.464	.012	0	.273	.027	0
muede	tired	4	18.234	11	3	3	2.667	3	3	2.833	2.917	3	2.333	1.583	1.917	2.667	1.75	2.208	2.167	2.083	2.25	2.25	2.125	2.25	2.188	6.333	6.333	5.583	6.083	6.333	5.833	6.083	3.5	3.583	2.75	3	3.542	2.875	3.208	4.167	4.167	4.167	3.667	4.167	3.917	4.042	2.375	2.938	2	0	2	.6	.006	0	.6	.006	0	.6	.006	0	.017	.122	1	.655	.005	0	.184	.04	0	.706	.003	0	.9	0	0	.9	0	0	.136	.05	0	.451	.013	0	.451	.013	0	.159	.045	0	.722	.003	0	.859	.001	0	.297	.025	0	.297	.025	0	.297	.025	0
mutig	brave	5	7.053	12	5.25	5.583	6.083	5.917	5.417	6	5.708	4.75	4.417	4.583	4.917	4.583	4.75	4.667	5.5	5.5	5.417	5.083	5.5	5.25	5.375	4.818	5.75	5.167	5	5.304	5.083	5.191	4.417	4.5	5.583	4.333	4.458	4.958	4.708	2.083	2.25	2.167	2.5	2.167	2.333	2.25	5.75	5.375	1.833	.354	2	.01	.14	1	.704	.003	0	.257	.029	0	.741	.003	0	1	0	0	.51	.01	0	.529	.009	0	.674	.004	0	.674	.004	0	.71	.003	0	.48	.012	0	.312	.024	0	.123	.053	0	.074	.071	0	.042	.091	1	.501	.01	0	.314	.023	0	.736	.003	0
nachgiebig	compliant	10	.446	16	3.583	3.833	4.25	4.167	3.708	4.208	3.958	2.5	2.833	2.75	3	2.667	2.875	2.771	3.833	4.333	4.083	3.75	4.083	3.917	4	2.833	2.75	3.917	2.917	2.792	3.417	3.104	4	4.167	4.667	4.5	4.083	4.583	4.333	3.417	3.583	3.833	3.667	3.5	3.75	3.625	3.625	5	1.125	.167	1	.196	.038	0	.828	.001	0	.664	.004	0	.488	.011	0	.333	.021	0	.889	0	0	.67	.004	0	.831	.001	0	.289	.026	0	.237	.032	0	.305	.024	0	.384	.017	0	.255	.029	0	1	0	0	.703	.003	0	.268	.028	0	1	0	0	.458	.013	0
naiv	naive	4	6.803	12	3.667	3.75	3.667	2.917	3.708	3.292	3.5	2.833	3.333	3.167	3	3.083	3.083	3.083	1.917	1.917	2.417	2.583	1.917	2.5	2.208	3.25	3.833	3.364	3	3.542	3.174	3.362	3.333	2.583	1.75	2.25	2.958	2	2.479	2.833	2.417	2.583	2.583	2.625	2.583	2.604	2.063	2.313	1.833	.333	2	.28	.027	0	.386	.017	0	.28	.027	0	1	0	0	.635	.005	0	.344	.02	0	.095	.062	0	.808	.001	0	.808	.001	0	.584	.007	0	.867	.001	0	.472	.012	0	.045	.088	1	.789	.002	0	.186	.039	0	.878	.001	0	.444	.013	0	.444	.013	0
neidisch	jealous	8	2.827	13	1.5	1.917	1.583	1.75	1.708	1.667	1.688	6.083	5.583	4.667	4.833	5.833	4.75	5.292	2.583	2.667	3.667	3	2.625	3.333	2.979	3.917	4.25	3.917	4.333	4.083	4.125	4.104	3.167	3	1.75	1.417	3.083	1.583	2.333	2.75	2.417	2.583	2.75	2.583	2.667	2.625	1.5	1.75	1.417	.527	1	.855	.001	0	.205	.036	0	.584	.007	0	.001	.213	1	.599	.006	0	.295	.025	0	.066	.075	0	.441	.014	0	.323	.022	0	.941	0	0	.503	.01	0	.941	0	0	0	.322	1	.45	.013	0	.801	.001	0	.745	.002	0	.745	.002	0	.332	.021	0
nervoes	nervous	6	12.178	11	2.25	1.917	1.917	2.167	2.083	2.042	2.063	6	5.75	6	5.583	5.875	5.792	5.833	2.583	2.167	3	2.364	2.375	2.696	2.532	4.75	5.417	5.455	4.583	5.083	5	5.043	3.167	2.917	2.583	2.75	3.042	2.667	2.854	3	2.583	3.167	2.5	2.792	2.833	2.813	2.5	2.688	2	0	2	.866	.001	0	.866	.001	0	.241	.031	0	.755	.002	0	.216	.035	0	.755	.002	0	.479	.012	0	.227	.034	0	.799	.002	0	.886	0	0	.82	.001	0	.093	.064	0	.378	.018	0	.922	0	0	.623	.006	0	.88	.001	0	.054	.082	0	.65	.005	0
neutral	neutral	7	4.311	13	3.583	4	5	4.75	3.792	4.875	4.333	3.583	3.75	3.667	3.75	3.667	3.708	3.688	3.833	3.833	3.583	3.833	3.833	3.708	3.771	2.636	2.083	3	3.167	2.348	3.083	2.723	3.25	3	5.583	4.25	3.125	4.917	4.021	3.167	3.333	3.333	3.583	3.25	3.458	3.354	4	3.938	1.5	.433	2	.001	.216	1	.79	.002	0	.29	.025	0	.874	.001	0	.635	.005	0	.874	.001	0	.717	.003	0	.717	.003	0	.717	.003	0	.117	.056	0	.671	.004	0	.43	.015	0	0	.288	1	.069	.073	0	.209	.036	0	.312	.023	0	.312	.023	0	.839	.001	0
normal	normal	6	22.15	10	3.417	3.833	4.833	4.917	3.625	4.875	4.25	3.167	3.833	2.833	3.333	3.5	3.083	3.292	3.75	4.083	3.417	4.417	3.917	3.917	3.917	1.833	2.167	3.083	2.917	2	3	2.5	4	4	5.417	5.333	4	5.375	4.688	3.083	2.917	3.167	3.5	3	3.333	3.167	3.938	4.188	1.833	.354	2	0	.276	1	.417	.015	0	.588	.007	0	.229	.033	0	.095	.062	0	.808	.001	0	1	0	0	.06	.078	0	.34	.021	0	.023	.112	1	.845	.001	0	.559	.008	0	.002	.195	1	.922	0	0	.922	0	0	.082	.067	0	.658	.004	0	.189	.039	0
offen	open-minded	5	93.39	8	6.25	5.917	6.5	6.167	6.083	6.333	6.208	2.417	2.417	3.167	3.583	2.417	3.375	2.896	5.167	4.833	4.167	3.833	5	4	4.5	3.083	3.75	5.167	4	3.417	4.583	4	6	5.833	6.167	5.5	5.917	5.833	5.875	1.917	1.75	2.583	2.917	1.833	2.75	2.292	6	6	1.333	.527	1	.342	.021	0	.207	.036	0	1	0	0	.015	.126	1	.587	.007	0	.587	.007	0	.015	.127	1	.404	.016	0	1	0	0	.051	.084	0	.67	.004	0	.122	.053	0	.775	.002	0	.158	.045	0	.393	.017	0	.001	.224	1	.748	.002	0	.337	.021	0
ordentlich	tidy	10	16.065	11	4.333	4.917	6.333	6.25	4.625	6.292	5.458	4.417	4.083	3.25	2.833	4.25	3.042	3.646	5.5	5.167	5.5	5.667	5.333	5.583	5.458	4.833	5.083	5.833	4.583	4.958	5.208	5.083	3.833	4.417	5.75	5	4.125	5.375	4.75	3.5	3.75	3.75	3.583	3.625	3.667	3.646	5.438	4.688	2	0	2	0	.477	1	.347	.02	0	.212	.035	0	.006	.16	1	.373	.018	0	.921	0	0	.497	.011	0	.82	.001	0	.497	.011	0	.575	.007	0	.264	.028	0	.097	.061	0	.009	.147	1	.855	.001	0	.149	.047	0	.853	.001	0	.853	.001	0	.357	.019	0
passiv	passive	6	2.308	14	2.5	2.75	3	3	2.625	3	2.813	2.833	3.333	2.75	2.25	3.083	2.5	2.792	2.083	1.583	3.083	2.25	1.833	2.667	2.25	2.5	3.333	4.083	3.417	2.917	3.75	3.333	2.5	3.333	2.273	2.75	2.917	2.522	2.723	3.75	3.833	3.917	3.833	3.792	3.875	3.833	2.5	2.625	1.792	.441	2	.197	.038	0	.664	.004	0	.664	.004	0	.21	.036	0	1	0	0	.281	.026	0	.017	.124	1	.052	.083	0	.621	.006	0	.134	.05	0	.879	.001	0	.177	.041	0	.254	.03	0	.069	.075	0	.614	.006	0	.674	.004	0	1	0	0	.674	.004	0
planlos	unsystematic	7	.711	15	2.833	2.667	1.917	2	2.75	1.958	2.354	2.667	3.667	4.25	3.167	3.167	3.708	3.438	1.667	2	2.5	2.083	1.833	2.292	2.063	4	4.333	3.25	3.417	4.174	3.333	3.745	2.583	3.083	2.167	2.25	2.833	2.208	2.521	2.75	2.083	2.583	2.667	2.417	2.625	2.521	2.063	2.375	2	0	2	.025	.109	1	.903	0	0	.715	.003	0	.268	.028	0	.932	0	0	.037	.096	1	.176	.041	0	.901	0	0	.266	.028	0	.184	.041	0	.687	.004	0	.893	0	0	.145	.048	0	.492	.011	0	.623	.006	0	.341	.021	0	.185	.04	0	.09	.064	0
praktisch	practical	9	37.952	10	5.083	4.917	6	5.833	5	5.913	5.447	3.5	3.333	3.667	4.5	3.417	4.083	3.75	5.417	5.75	5.25	5.545	5.583	5.391	5.489	3	2.667	5.25	4.583	2.833	4.917	3.875	4.75	4.333	6.333	4.583	4.542	5.458	5	3.25	2.75	2.917	2.667	3	2.792	2.896	5.75	5.688	1.917	.333	2	.021	.118	1	.665	.004	0	1	0	0	.031	.101	1	.272	.027	0	.102	.06	0	.551	.008	0	.314	.024	0	.951	0	0	0	.303	1	.3	.024	0	.728	.003	0	.055	.081	0	.025	.11	1	.159	.045	0	.494	.011	0	.221	.034	0	.681	.004	0
puenktlich	punctual	9	10.712	11	4.667	4.75	6.455	6.5	4.708	6.478	5.574	4.167	4.083	3.25	3.167	4.125	3.208	3.667	5.083	5.417	5.75	5.667	5.25	5.708	5.479	4.25	4.333	5.75	4.333	4.292	5.042	4.667	5	4.083	6.25	5.667	4.542	5.958	5.25	3.917	3.5	3.417	3.917	3.708	3.667	3.688	6.125	6.063	1.167	.354	1	0	.475	1	.822	.001	0	.947	0	0	.07	.073	0	.867	.001	0	1	0	0	.242	.031	0	.748	.002	0	.592	.007	0	.229	.033	0	.284	.026	0	.229	.033	0	.009	.145	1	.155	.045	0	.749	.002	0	.851	.001	0	.851	.001	0	.044	.089	1
raffiniert	cunning	10	2.74	13	5.417	5.417	3.167	2.917	5.417	3.042	4.229	4.167	4.333	5.25	5.583	4.25	5.417	4.833	5.75	5.833	6	4.5	5.792	5.25	5.521	3.667	3.333	3.833	3.455	3.5	3.652	3.574	4.083	4.083	2.083	2.25	4.083	2.167	3.125	2.5	2.083	2.727	2.75	2.292	2.739	2.511	5.75	5	1.917	.333	2	0	.573	1	.688	.004	0	.688	.004	0	0	.248	1	.419	.015	0	.787	.002	0	.106	.058	0	.036	.096	1	.02	.117	1	.794	.002	0	.52	.01	0	.967	0	0	0	.342	1	.836	.001	0	.836	.001	0	.039	.095	1	.355	.02	0	.302	.025	0
rastlos	restless	7	1.033	15	2.167	2.917	2.5	3.25	2.542	2.875	2.708	6.083	6.167	5.917	5.75	6.125	5.833	5.979	3.417	3.583	3.417	3.667	3.5	3.542	3.521	4.083	3.417	4.417	4.75	3.75	4.583	4.167	3.75	3.833	2.417	2.833	3.792	2.625	3.208	2.167	1.917	2.25	2.167	2.042	2.208	2.125	3.063	3.25	2	0	2	.35	.02	0	.039	.093	1	1	0	0	.337	.021	0	.89	0	0	.68	.004	0	.925	0	0	.64	.005	0	.925	0	0	.089	.064	0	.729	.003	0	.302	.024	0	.021	.116	1	.609	.006	0	.733	.003	0	.477	.012	0	.477	.012	0	.722	.003	0
rational	rational	8	2.434	13	3.833	5.083	5.5	5.667	4.458	5.583	5.021	3.917	3.5	3.75	4	3.708	3.875	3.792	5.667	5.917	4.75	5.75	5.792	5.25	5.521	2.167	2.833	3.583	3.333	2.5	3.458	2.979	4.25	5	5.182	5.917	4.625	5.565	5.085	2.75	2.833	3.25	3.333	2.792	3.292	3.042	5.375	5.188	2	0	2	.001	.219	1	.032	.1	1	.098	.061	0	.659	.004	0	.825	.001	0	.379	.018	0	.171	.042	0	.116	.055	0	.341	.021	0	.09	.064	0	.708	.003	0	.411	.015	0	.031	.104	1	.081	.069	0	.986	0	0	.065	.075	0	.754	.002	0	1	0	0
reif	mature	4	8.03	12	5.583	5.5	5.5	5.5	5.542	5.5	5.521	2.667	2.75	3.667	2.727	2.708	3.217	2.957	5.333	5.083	4.167	4.75	5.208	4.458	4.833	3.417	3.583	4.75	3.75	3.5	4.25	3.875	4.833	4.667	5.75	5.333	4.75	5.542	5.146	4.167	3.75	4.25	4	3.958	4.125	4.042	5.813	6	1.875	.167	2	.897	0	0	.897	0	0	.897	0	0	.176	.042	0	.235	.033	0	.158	.046	0	.094	.062	0	.706	.003	0	.347	.02	0	.191	.039	0	.464	.012	0	.307	.024	0	.008	.148	1	.314	.023	0	.664	.004	0	.474	.012	0	.156	.045	0	.72	.003	0
reizbar	irritable	7	.287	16	2.25	2.167	1.75	2.667	2.208	2.208	2.208	6.5	6.083	5.75	5.833	6.292	5.792	6.042	2.917	2.917	4.083	2.667	2.917	3.375	3.146	2.75	3.25	4.167	4.167	3	4.167	3.583	3.917	3.833	2.833	3.583	3.875	3.208	3.542	2.833	2.75	3.5	2.833	2.792	3.167	2.979	2.063	2.063	1.25	.441	1	1	0	0	.112	.056	0	.058	.079	0	.029	.104	1	.455	.013	0	.265	.028	0	.306	.024	0	.117	.055	0	.117	.055	0	.044	.089	1	.66	.004	0	.66	.004	0	.139	.049	0	.455	.013	0	.351	.02	0	.258	.029	0	.258	.029	0	.378	.018	0
reserviert	reserved	10	7.966	12	2.5	2.833	3.833	3.75	2.667	3.792	3.229	4.417	4.333	3.583	3.667	4.375	3.625	4	4	3.917	4.75	4.5	3.958	4.625	4.292	3.333	2.333	4.417	3.417	2.833	3.917	3.375	2.75	2.75	3.667	3.75	2.75	3.708	3.229	3.583	3.833	3.5	3.25	3.708	3.375	3.542	2.813	2.5	1.333	.441	1	.001	.231	1	.688	.004	0	.504	.01	0	.036	.097	1	1	0	0	.811	.001	0	.133	.051	0	.704	.003	0	.849	.001	0	.027	.106	1	.041	.091	1	1	0	0	.071	.072	0	.936	0	0	.936	0	0	.264	.028	0	1	0	0	.401	.016	0
resolut	resolute	7	.812	15	4.667	4.333	5.167	5.167	4.5	5.167	4.833	4.917	4.833	5.25	5.75	4.875	5.5	5.188	5.75	5.333	5.667	5.417	5.542	5.542	5.542	4.833	2.667	5.5	4.636	3.75	5.087	4.404	4.25	2.833	4.583	4.75	3.542	4.667	4.104	3.333	3.417	3.545	2.667	3.375	3.087	3.234	4.8	4.267	1.583	.527	2	.091	.063	0	.668	.004	0	.668	.004	0	.073	.071	0	.543	.008	0	.396	.016	0	1	0	0	.338	.021	0	.81	.001	0	.018	.124	1	.007	.158	1	.229	.033	0	.027	.107	1	.209	.036	0	.114	.056	0	.393	.017	0	.209	.037	0	.13	.053	0
ruhig	calm	5	40.225	9	5.25	4.833	5.583	5.833	5.042	5.708	5.375	1.583	2	1.75	1.833	1.792	1.792	1.792	5.083	5.083	4.167	4.583	5.083	4.375	4.729	4.417	4.417	5.25	3.25	4.417	4.25	4.333	4.167	5	5.333	5.417	4.583	5.375	4.979	3.917	4.083	4	4	4	4	4	5.25	5.063	1.875	.354	2	.026	.107	1	.775	.002	0	.257	.029	0	1	0	0	.349	.02	0	.531	.009	0	.161	.044	0	.677	.004	0	.677	.004	0	.707	.003	0	.028	.105	1	.028	.105	1	.05	.085	1	.249	.03	0	.344	.02	0	1	0	0	.669	.004	0	.669	.004	0
sachlich	factual	8	7.392	12	4.083	4.25	5.364	5.833	4.167	5.609	4.872	4.083	4	3.417	3.667	4.042	3.542	3.792	5.833	5.75	5.667	5.917	5.792	5.792	5.792	3	3	4.917	3.167	3	4.042	3.521	4.25	5	6	5.917	4.625	5.958	5.292	2.917	3.083	3.25	3.583	3	3.417	3.208	5.438	5.438	1.583	.527	2	0	.368	1	.273	.028	0	.599	.006	0	.178	.041	0	.821	.001	0	.651	.005	0	1	0	0	.756	.002	0	.535	.009	0	.048	.086	1	.095	.062	0	.095	.062	0	0	.294	1	.29	.025	0	.188	.039	0	.113	.056	0	.337	.021	0	.748	.002	0
sanft	gentle	5	11.89	11	6.25	6.167	6.417	5.583	6.208	6	6.104	1.917	2	2.25	2.167	1.958	2.208	2.083	4.667	4.667	4	4.25	4.667	4.125	4.396	4.917	4.5	4.727	4.083	4.708	4.391	4.553	5.833	5.417	4.917	4.5	5.625	4.708	5.167	3.25	3.083	3.333	3.5	3.167	3.417	3.292	5.688	5.75	1.75	.5	2	.4	.016	0	.068	.074	0	.133	.05	0	.374	.018	0	1	0	0	.766	.002	0	.232	.032	0	.781	.002	0	.781	.002	0	.57	.008	0	.321	.023	0	.831	.001	0	.036	.096	1	.33	.022	0	1	0	0	.255	.029	0	1	0	0	.446	.013	0
scheu	bashful	5	2.788	13	3.5	3.833	3.917	3.833	3.667	3.875	3.771	4.75	4.167	3.5	2.667	4.458	3.083	3.771	2.5	1.917	2.636	2.833	2.208	2.739	2.468	4.667	4.417	4.5	4.833	4.542	4.667	4.604	2.917	2.5	3	2.083	2.708	2.542	2.625	3.417	3.083	3.25	3.167	3.25	3.208	3.229	2.75	2.875	1.75	.441	2	.574	.007	0	.735	.003	0	.574	.007	0	0	.269	1	.044	.089	1	.716	.003	0	.075	.072	0	.507	.01	0	.184	.041	0	.795	.002	0	.931	0	0	.544	.008	0	.715	.003	0	.149	.047	0	.585	.007	0	.845	.001	0	.331	.021	0	.559	.008	0
schlaefrig	sleepy	9	.886	15	2.917	3.083	3.727	2.833	3	3.261	3.128	2	2.25	1.75	1.75	2.125	1.75	1.938	2.75	2.167	2.083	2.333	2.458	2.208	2.333	5.5	6.083	5.667	5.333	5.792	5.5	5.646	3.167	3.667	2.25	2.75	3.417	2.5	2.958	3.917	3.833	3.667	3.583	3.875	3.625	3.75	2.313	2.563	2	0	2	.455	.013	0	.333	.022	0	.161	.045	0	.283	.026	0	.719	.003	0	.719	.003	0	.428	.014	0	.596	.006	0	.189	.039	0	.536	.009	0	.79	.002	0	.332	.021	0	.066	.075	0	.309	.023	0	1	0	0	.392	.017	0	.775	.002	0	1	0	0
schuechtern	shy	10	4.11	13	3.917	3.833	3.667	3.333	3.875	3.5	3.688	4.333	4.583	3.75	2.917	4.458	3.333	3.896	2.75	2.083	2.833	2.75	2.417	2.792	2.604	4.333	5.167	4.417	4.667	4.75	4.542	4.646	4.167	3.583	2.333	2.417	3.875	2.375	3.125	3.167	2.583	2.75	3	2.875	2.875	2.875	3	3.188	1.625	.486	2	.22	.034	0	.493	.011	0	.68	.004	0	.007	.152	1	.47	.012	0	.183	.04	0	.225	.033	0	.225	.033	0	.344	.02	0	.647	.005	0	.237	.032	0	.522	.009	0	.001	.209	1	.573	.007	0	.453	.013	0	1	0	0	.325	.022	0	.017	.123	1
schuldig	guilty	8	21.776	10	2.167	2.167	2.917	2.667	2.167	2.792	2.479	6	6	6.083	5.75	6	5.917	5.958	2.667	2.417	3.917	3.083	2.542	3.5	3.021	4.083	3.917	3.333	3.583	4	3.458	3.729	1.833	1.833	1.417	1.833	1.833	1.625	1.729	2.917	2.917	3.083	3.333	2.917	3.208	3.063	1.667	2.2	1.75	.441	2	.077	.069	0	.719	.003	0	.719	.003	0	.79	.002	0	.595	.006	0	.595	.006	0	.029	.104	1	.209	.036	0	.496	.011	0	.394	.017	0	.948	0	0	.742	.002	0	.518	.01	0	.518	.01	0	.518	.01	0	.034	.098	1	.354	.02	0	.354	.02	0
schwach	weak	7	21.652	10	2.333	2.75	3.25	2.583	2.542	2.917	2.729	3.5	3.917	3	3.182	3.708	3.087	3.404	1.917	1.667	2.5	2.417	1.792	2.458	2.125	5.182	5.417	4.583	4.25	5.304	4.417	4.851	2.25	2.583	2.25	1.667	2.417	1.958	2.188	4.083	4.25	3.75	3.6	4.167	3.682	3.935	1.75	2.625	2	0	2	.211	.035	0	.674	.004	0	.074	.071	0	.127	.053	0	.455	.013	0	.769	.002	0	.042	.091	1	.603	.006	0	.795	.002	0	.07	.074	0	.918	0	0	.553	.008	0	.167	.043	0	.703	.003	0	.167	.043	0	.026	.112	1	.969	0	0	.462	.013	0
schweigsam	silent	10	1.221	14	3.083	3.083	4	4.083	3.083	4.042	3.563	3.833	3.5	3.083	2.909	3.667	3	3.34	3.917	4.25	4.333	4.25	4.083	4.292	4.188	4.667	4.083	4.75	4.75	4.375	4.75	4.563	3.083	3.583	3.455	3.833	3.333	3.652	3.489	3.917	3.417	3.667	4.083	3.667	3.875	3.771	3.267	2.938	1.333	.441	1	.008	.149	1	.904	0	0	.904	0	0	.014	.133	1	.337	.021	0	.762	.002	0	.608	.006	0	.758	.002	0	.608	.006	0	.45	.013	0	.557	.008	0	.557	.008	0	.559	.008	0	.409	.016	0	.909	0	0	.328	.022	0	.844	.001	0	.035	.097	1
sehnsuechtig	longing	11	2.079	14	4.583	5	4.417	5.083	4.792	4.75	4.771	3.75	4.083	4.833	4.083	3.917	4.458	4.188	2.167	2.333	3.167	3.083	2.25	3.125	2.688	4.417	5.333	3.667	3.583	4.875	3.625	4.25	4.917	5.167	3.25	4.167	5.042	3.708	4.375	2.083	2.25	2.167	2.583	2.167	2.375	2.271	4.563	4.5	1.917	.333	2	.913	0	0	.162	.044	0	.745	.002	0	.196	.038	0	.616	.006	0	.196	.038	0	.016	.124	1	.906	0	0	.723	.003	0	.037	.095	1	.478	.011	0	.395	.016	0	.002	.198	1	.157	.045	0	.415	.015	0	.539	.009	0	.391	.017	0	.712	.003	0
sensibel	sensitive	8	4.887	12	6.25	5.167	4.917	4.5	5.708	4.708	5.208	3.083	3.167	3.333	3.636	3.125	3.478	3.298	4	3.167	3.333	3.583	3.583	3.458	3.521	3.25	3.417	4.75	3.167	3.333	3.958	3.646	6.333	5.667	5.364	4.583	6	4.957	5.489	3.083	2.917	3.083	2.636	3	2.87	2.936	5.188	5.25	1.625	.5	2	.022	.113	1	.082	.067	0	.433	.014	0	.345	.021	0	.611	.006	0	.772	.002	0	.757	.002	0	.472	.012	0	.185	.04	0	.27	.028	0	.212	.035	0	.125	.053	0	.003	.184	1	.034	.101	1	.864	.001	0	.588	.007	0	.239	.032	0	.588	.007	0
sentimental	sentimental	11	1.715	14	4.667	3.917	4.083	3.417	4.292	3.75	4.021	3.25	4.083	3.5	4	3.667	3.739	3.702	2.667	2.333	2.917	3	2.5	2.958	2.729	3.917	3	4.75	2.333	3.458	3.542	3.5	5.25	4.583	4.583	3.583	4.917	4.083	4.5	3.417	3.583	3.5	3.583	3.5	3.542	3.521	4	4.063	2	0	2	.125	.053	0	.047	.087	1	.905	0	0	.824	.001	0	.081	.069	0	.657	.005	0	.152	.046	0	.693	.004	0	.511	.01	0	.868	.001	0	.002	.202	1	.141	.049	0	.086	.065	0	.086	.065	0	.727	.003	0	.866	.001	0	.613	.006	0	.866	.001	0
sinnlich	sensual	8	2.453	13	6.75	6.333	5.667	5.75	6.542	5.708	6.125	2	2.25	3.583	4.583	2.125	4.083	3.104	3.917	3.75	3.167	3.917	3.833	3.542	3.688	5.5	5.833	5.333	5	5.667	5.167	5.417	5.917	5.5	4.667	4.75	5.708	4.708	5.208	2.583	2.167	2.083	2.5	2.375	2.292	2.333	5.938	6.125	1.583	.433	2	.008	.148	1	.583	.007	0	.411	.015	0	0	.264	1	.211	.035	0	.45	.013	0	.518	.01	0	.518	.01	0	.311	.023	0	.329	.022	0	1	0	0	.514	.01	0	.007	.152	1	.642	.005	0	.486	.011	0	.759	.002	0	1	0	0	.13	.051	0
skeptisch	sceptical	9	20.367	10	3.75	4	4.083	4.75	3.875	4.417	4.146	4.833	5.167	4.583	4.5	5	4.542	4.771	4.917	5.167	4.25	4.583	5.042	4.417	4.729	4.25	4.667	3.333	3.182	4.458	3.261	3.872	4.5	4.583	5.25	4.083	4.542	4.667	4.604	3.417	3.417	3.75	3.364	3.417	3.565	3.489	5	4.938	1.667	.441	2	.153	.046	0	.226	.033	0	.579	.007	0	.156	.045	0	.696	.004	0	.515	.01	0	.088	.065	0	.42	.015	0	.908	0	0	.018	.122	1	.788	.002	0	.565	.008	0	.788	.002	0	.248	.03	0	.184	.04	0	.559	.008	0	.422	.015	0	.422	.015	0
sorgfaeltig	careful	10	14.091	11	5.167	4.75	6.273	6	4.958	6.13	5.532	4.667	4.917	3.833	4.5	4.792	4.167	4.479	5.917	5.75	5.667	6.083	5.833	5.875	5.854	2.833	4.75	4	3.75	3.792	3.875	3.833	5.5	4.417	6.25	5.917	4.958	6.083	5.521	3.75	3.833	3.75	4	3.792	3.875	3.833	5.75	5.5	1.875	.333	2	0	.289	1	.228	.034	0	.8	.002	0	.197	.038	0	.342	.021	0	.665	.004	0	.878	.001	0	.647	.005	0	.288	.026	0	.868	.001	0	.103	.059	0	.036	.096	1	0	.261	1	.017	.123	1	.196	.038	0	.672	.004	0	.398	.016	0	.672	.004	0
spontan	spontaneous	7	10.838	11	6.083	5.667	6.167	5.417	5.875	5.792	5.833	2.833	3.083	4.333	4.917	2.958	4.625	3.792	4.75	4.417	3.75	3.667	4.583	3.708	4.146	3.083	3.417	4.917	3.5	3.25	4.208	3.729	5.417	5.333	6.083	4.5	5.375	5.292	5.333	1.667	1.333	1.833	1.75	1.5	1.792	1.646	6.188	6.188	1.625	.486	2	.775	.002	0	.05	.085	1	.567	.007	0	.001	.223	1	.379	.018	0	.724	.003	0	.06	.078	0	.647	.005	0	.784	.002	0	.106	.058	0	.356	.019	0	.139	.049	0	.846	.001	0	.056	.08	0	.085	.066	0	.134	.05	0	.281	.026	0	.516	.01	0
stark	strong	5	143.985	8	5.583	5.417	5.833	5.667	5.5	5.75	5.625	3.917	3.417	4.333	4.75	3.667	4.542	4.104	6.25	6.5	5.083	5.75	6.375	5.417	5.896	6.333	6.25	6.167	5.091	6.292	5.652	5.979	5.083	4.917	4.583	4.083	5	4.333	4.667	1.917	1.75	2.417	1.417	1.833	1.917	1.875	6.25	5.875	1.917	.333	2	.331	.021	0	.516	.01	0	1	0	0	.097	.061	0	.936	0	0	.38	.018	0	.01	.142	1	.203	.037	0	.56	.008	0	.077	.071	0	.12	.055	0	.182	.041	0	.097	.061	0	.401	.016	0	.674	.004	0	.748	.002	0	.028	.104	1	.113	.056	0
still	silent	5	31.137	10	4	4.417	4.5	4.5	4.208	4.5	4.354	3	2.5	1.667	2	2.75	1.833	2.292	3.833	4	3.75	3.5	3.917	3.625	3.771	5	4.667	4.917	4.091	4.833	4.522	4.681	3.333	3.417	3.75	3.667	3.375	3.708	3.542	3.583	3.75	3.333	3.667	3.667	3.5	3.583	3.938	3.75	1.833	.333	2	.41	.015	0	.555	.008	0	.555	.008	0	.018	.12	1	.824	.001	0	.271	.028	0	.552	.008	0	.932	0	0	.671	.004	0	.574	.007	0	.324	.023	0	.674	.004	0	.47	.012	0	1	0	0	.856	.001	0	.402	.016	0	.211	.035	0	.674	.004	0
stolz	proud	5	32.344	10	4.917	4.667	3.917	4.25	4.792	4.083	4.438	3.583	4.417	3.833	3.917	4	3.875	3.938	5.167	5.167	5.167	4.667	5.167	4.917	5.042	5	5.583	4.833	5.333	5.292	5.083	5.188	5.083	4.75	3.909	4.083	4.917	4	4.468	2.917	3.5	2.417	3.083	3.208	2.75	2.979	4.688	4.063	1.833	.441	2	.073	.071	0	.915	0	0	.454	.013	0	.756	.002	0	.258	.029	0	.353	.02	0	.489	.011	0	.489	.011	0	.489	.011	0	.666	.004	0	.264	.028	0	.931	0	0	.058	.081	0	.867	.001	0	.595	.007	0	.052	.083	0	.009	.145	1	.857	.001	0
streng	strict	6	21.551	10	3	2.5	2.667	3.417	2.75	3.042	2.896	5.75	6	6.417	5.417	5.875	5.917	5.896	5.417	5.75	5.75	5.5	5.583	5.625	5.604	5	6.083	5	5	5.542	5	5.271	4.333	3.917	4.167	3.5	4.125	3.833	3.979	3.5	4	3.833	3.833	3.75	3.833	3.792	3.813	3.188	1.167	.333	1	.401	.016	0	.718	.003	0	.076	.07	0	.87	.001	0	.147	.047	0	.018	.121	1	.904	0	0	.904	0	0	.401	.016	0	.203	.037	0	.203	.037	0	.203	.037	0	.548	.008	0	.266	.028	0	.796	.002	0	.588	.007	0	.109	.057	0	.109	.057	0
stur	stubborn	4	3.625	13	2.75	2.167	1.833	2.083	2.458	1.958	2.208	5.5	5.5	5.083	4.75	5.5	4.917	5.208	4.833	4	3.917	2.667	4.417	3.292	3.854	4.75	3.75	4.583	3.818	4.25	4.217	4.234	3.5	3.75	2.917	3.083	3.625	3	3.313	3.833	3.667	4	4	3.75	4	3.872	2.688	2.188	1.167	.333	1	.057	.08	0	.518	.01	0	.11	.057	0	.149	.047	0	.677	.004	0	.677	.004	0	.023	.111	1	.035	.097	1	.666	.004	0	.933	0	0	.135	.051	0	.84	.001	0	.233	.032	0	.689	.004	0	.936	0	0	.28	.027	0	.717	.003	0	.717	.003	0
subjektiv	subjective	9	2.23	14	4.167	4.083	5	3.333	4.125	4.167	4.146	4	4.167	3.333	4.333	4.083	3.833	3.958	3.909	3.75	4.917	3.75	3.826	4.333	4.085	1.583	1.333	2.167	1.333	1.458	1.75	1.604	4.5	4.167	5.333	3.583	4.333	4.458	4.396	3	3	3.083	2.583	3	2.833	2.917	4	3.375	1.333	.5	1	.915	0	0	.029	.104	1	.047	.087	1	.434	.014	0	.072	.072	0	.195	.038	0	.196	.039	0	.091	.065	0	.196	.039	0	.348	.02	0	.085	.066	0	.348	.02	0	.766	.002	0	.017	.124	1	.097	.061	0	.487	.011	0	.299	.025	0	.299	.025	0
taktvoll	tactful	8	.324	16	6	5.5	6.5	6.167	5.75	6.333	6.042	3.417	3.333	2.75	3.167	3.375	2.958	3.167	5	5.333	4.917	5.5	5.167	5.208	5.188	3.083	3.667	5.167	3.455	3.375	4.348	3.851	6.083	5	6.25	5.5	5.542	5.875	5.708	3.667	3.583	3.75	4	3.625	3.875	3.75	5.688	5.75	1.083	.333	1	.011	.137	1	.065	.075	0	.707	.003	0	.229	.033	0	.628	.005	0	.468	.012	0	.917	0	0	.253	.03	0	.753	.002	0	.074	.072	0	.276	.028	0	.03	.105	1	.222	.034	0	.001	.209	1	.539	.009	0	.282	.026	0	.718	.003	0	.472	.012	0
tolerant	tolerant	8	1.533	14	6.083	6.083	6.667	6.083	6.083	6.375	6.229	2.25	2.333	2.583	2.75	2.292	2.667	2.479	5.083	4.917	5.083	5.583	5	5.333	5.167	2.75	2.5	4.5	3.333	2.625	3.917	3.271	6.083	6	6.333	6.5	6.042	6.417	6.229	2.167	2.167	3.833	3.417	2.167	3.625	2.896	6.375	6.438	1.083	.333	1	.425	.014	0	.425	.014	0	.425	.014	0	.28	.026	0	.717	.003	0	.904	0	0	.46	.012	0	.711	.003	0	.46	.012	0	.018	.12	1	.186	.039	0	.39	.017	0	.183	.04	0	.881	.001	0	.654	.005	0	0	.39	1	.453	.013	0	.453	.013	0
traege	sluggish	5	3.315	13	1.833	2.417	2.083	2.167	2.125	2.125	2.125	2.25	2.75	2.5	2.583	2.5	2.542	2.521	2.167	2.583	2.833	2.25	2.375	2.542	2.458	4.455	3.917	4.5	3.75	4.174	4.125	4.149	1.417	2.833	2.667	1.417	2.125	2.042	2.083	3.5	3.25	3.333	3.917	3.375	3.625	3.5	2	2.25	2	0	2	1	0	0	.177	.041	0	.309	.023	0	.927	0	0	.523	.009	0	.648	.005	0	.63	.005	0	.81	.001	0	.153	.046	0	.918	0	0	.277	.027	0	.857	.001	0	.851	.001	0	.851	.001	0	.004	.173	1	.45	.013	0	.614	.006	0	.211	.035	0
traurig	sad	7	16.905	11	2.667	2.667	1.909	2.917	2.667	2.435	2.553	3.583	3.667	4.583	3.75	3.625	4.167	3.896	2.25	1.917	2.727	2.5	2.083	2.609	2.34	6.455	6.417	6.182	6.167	6.435	6.174	6.304	3.167	3.167	2.333	2.583	3.167	2.458	2.813	3.667	3.167	3.917	3.667	3.417	3.792	3.604	1.938	2.75	2	0	2	.355	.02	0	.07	.074	0	.07	.074	0	.157	.045	0	.324	.022	0	.23	.033	0	.12	.055	0	.406	.016	0	.875	.001	0	.275	.028	0	.911	0	0	.962	0	0	.077	.069	0	.751	.002	0	.751	.002	0	.048	.086	1	.048	.086	1	.501	.01	0
treu	loyal	4	10.535	11	6.583	5.833	6.833	6.583	6.208	6.708	6.458	2.25	3.167	2.417	3.083	2.708	2.75	2.729	4.167	5.167	4.75	4.75	4.667	4.75	4.708	3.917	2.75	4.333	4.167	3.333	4.25	3.792	6.25	5.333	6.167	5.917	5.792	6.042	5.917	3.583	3.75	4.167	3.917	3.667	4.042	3.854	5.438	6.188	1.083	.333	1	.005	.165	1	.005	.165	1	.147	.047	0	.927	0	0	.087	.065	0	.783	.002	0	.855	.001	0	.275	.027	0	.275	.027	0	.084	.067	0	.205	.036	0	.339	.021	0	.494	.011	0	.115	.055	0	.363	.019	0	.071	.072	0	.838	.001	0	.31	.023	0
ueberheblich	contemptuous	11	1.285	14	1.75	1.75	1.833	1.917	1.75	1.875	1.813	5.333	5.5	5.417	5.583	5.417	5.5	5.458	4.167	3.5	4.083	2.917	3.833	3.5	3.667	4.75	3.833	4.5	4.727	4.292	4.609	4.447	2.75	2.917	1.583	1.917	2.833	1.75	2.292	2.083	2.083	2.167	2.083	2.083	2.125	2.104	2	1.625	1.083	0	1	.706	.003	0	.9	0	0	.9	0	0	.773	.002	0	.564	.008	0	1	0	0	.462	.012	0	.047	.086	1	.581	.007	0	.551	.008	0	.524	.01	0	.292	.026	0	.006	.158	1	.511	.01	0	.826	.001	0	.863	.001	0	.863	.001	0	.863	.001	0
ueberrascht	surprised	10	34.34	10	5.083	4.667	4.417	4.25	4.875	4.333	4.604	4	4	4.167	4.917	4	4.542	4.271	3.333	2.25	2.818	3.25	2.792	3.043	2.915	6.167	5.833	5	4.545	6	4.783	5.404	3.667	3.417	3.167	3.167	3.542	3.167	3.354	3.167	3	3	3.25	3.083	3.125	3.104	5.063	4.688	1.958	.167	2	.058	.08	0	.3	.024	0	.655	.005	0	.162	.044	0	.33	.022	0	.33	.022	0	.59	.007	0	.47	.012	0	.097	.063	0	.009	.148	1	.386	.018	0	.893	0	0	.36	.019	0	.759	.002	0	.759	.002	0	.799	.001	0	.799	.001	0	.206	.036	0
umsichtig	prudent	9	.911	15	5.667	5.333	6.667	6	5.5	6.333	5.917	3.583	3.5	3.167	3.833	3.542	3.5	3.521	5.083	5.75	5.583	5.417	5.417	5.5	5.458	3	3.833	4.5	3.667	3.417	4.083	3.75	5.333	5	6.25	5.833	5.167	6.042	5.604	3.333	3.5	3.833	3.75	3.417	3.792	3.604	5.438	5.688	1.333	.527	1	.001	.229	1	.035	.097	1	.473	.012	0	.92	0	0	.482	.011	0	.367	.019	0	.816	.001	0	.486	.011	0	.248	.03	0	.223	.034	0	1	0	0	.129	.052	0	.008	.149	1	.241	.031	0	.896	0	0	.132	.051	0	.866	.001	0	.612	.006	0
unangenehm	unpleasant	10	6.313	12	1.75	1.417	1.417	2.091	1.583	1.739	1.66	5.75	4.833	5.333	4.455	5.292	4.913	5.106	2.667	2.833	4.167	2.667	2.75	3.417	3.083	3.25	3.583	4.583	3.75	3.417	4.167	3.792	1.667	2.083	2	2.167	1.875	2.083	1.979	3	3.083	2.917	2.75	3.042	2.833	2.938	1.813	1.313	1	0	1	.481	.012	0	.481	.012	0	.041	.093	1	.333	.022	0	.033	.102	1	.963	0	0	.107	.058	0	.107	.058	0	.046	.088	1	.159	.045	0	.635	.005	0	.271	.028	0	.568	.007	0	.425	.015	0	.732	.003	0	.266	.028	0	.823	.001	0	.503	.01	0
ungestuem	impetuous	8	.975	15	3.75	3.5	3.167	3.417	3.625	3.292	3.458	3.917	5.5	5.417	5.167	4.708	5.292	5	2.917	2.583	3.5	3	2.75	3.25	3	5.083	4.583	5.667	5.417	4.833	5.542	5.188	3.083	3.333	2.5	2.5	3.208	2.5	2.854	2.25	1.417	1.583	1.75	1.833	1.667	1.75	3.563	3.5	1.083	.333	1	.357	.019	0	1	0	0	.489	.011	0	.152	.046	0	.103	.059	0	.027	.107	1	.302	.024	0	.388	.017	0	.863	.001	0	.123	.053	0	.41	.015	0	.783	.002	0	.137	.05	0	.791	.002	0	.791	.002	0	.376	.018	0	.081	.068	0	.01	.141	1
unnahbar	unapproachable	8	.763	15	2.833	2.5	2.667	2.583	2.667	2.625	2.646	5	4.583	5	4.5	4.792	4.75	4.771	4.583	3.75	4.417	3.917	4.167	4.167	4.167	4.182	3.333	4.75	4.5	3.739	4.625	4.191	2.833	3.333	2.25	3.417	3.083	2.833	2.958	2.917	2.833	3.25	3.5	2.875	3.375	3.125	2.438	2.25	1	0	1	.907	0	0	.559	.008	0	.726	.003	0	.914	0	0	.239	.031	0	.914	0	0	1	0	0	.225	.033	0	.76	.002	0	.092	.065	0	.281	.027	0	.555	.008	0	.616	.006	0	.1	.06	0	.504	.01	0	.035	.097	1	.718	.003	0	.472	.012	0
unruhig	jittery	7	5.352	12	2.25	2.333	2.5	3	2.292	2.75	2.521	5.917	5.5	5.833	5.583	5.708	5.708	5.708	2.333	2.333	4.167	2.917	2.333	3.542	2.938	5	4.417	4.667	5.167	4.708	4.917	4.813	4.083	3.75	2.333	3.5	3.917	2.917	3.417	2.667	2.25	2.583	2.583	2.458	2.583	2.521	2.25	2.563	1.833	.333	2	.077	.069	0	.256	.029	0	.416	.015	0	1	0	0	.158	.045	0	.722	.003	0	.004	.176	1	.12	.054	0	.12	.054	0	.663	.004	0	.931	0	0	.261	.029	0	.019	.119	1	.315	.023	0	.074	.071	0	.618	.006	0	.407	.016	0	.407	.016	0
unsicher	unsure	8	10.756	11	2.417	2.417	2.833	2.667	2.417	2.75	2.583	5.455	5.5	5.273	4.583	5.478	4.913	5.196	2.5	1.75	2.333	2.25	2.125	2.292	2.208	3.417	4.917	4	3.273	4.167	3.652	3.915	3.917	3.5	2.333	2.75	3.708	2.542	3.125	2.667	2.667	3	3.75	2.667	3.375	3.021	1.75	2.5	1.917	0	2	.209	.036	0	.752	.002	0	.752	.002	0	.079	.072	0	.297	.026	0	.235	.033	0	.618	.006	0	.216	.035	0	.321	.022	0	.287	.026	0	.436	.014	0	.029	.107	1	.003	.179	1	1	0	0	.274	.027	0	.044	.089	1	.278	.027	0	.278	.027	0
veraergert	angry	9	8.487	12	2.333	2	2.636	2.75	2.167	2.696	2.426	6.25	5.917	6.333	5.917	6.083	6.125	6.104	3	2.5	3.091	2.667	2.75	2.87	2.809	5.417	5.833	4.75	5.333	5.625	5.042	5.333	2.667	2.583	1.75	2.583	2.625	2.167	2.396	3.25	3.167	3.25	2.917	3.208	3.083	3.146	1.938	1.875	1.583	.527	2	.041	.094	1	.662	.004	0	.376	.018	0	.842	.001	0	.078	.069	0	.842	.001	0	.765	.002	0	.287	.026	0	.93	0	0	.164	.044	0	.231	.032	0	.841	.001	0	.162	.044	0	.25	.03	0	.162	.044	0	.514	.01	0	.279	.027	0	.514	.01	0
vergnuegt	pleased	8	4.203	13	6.667	6.25	6.5	6	6.458	6.25	6.354	2.25	2.5	2.5	2.75	2.375	2.625	2.5	4.833	4.583	3.917	4.083	4.708	4	4.354	5.833	6.167	6.25	6.083	6	6.167	6.083	5.75	5.5	5.5	4.917	5.625	5.208	5.417	2.833	2.25	2.75	2.25	2.542	2.5	2.521	6.188	5.688	1.958	.167	2	.264	.028	0	.017	.123	1	.822	.001	0	.577	.007	0	.577	.007	0	1	0	0	.087	.065	0	.918	0	0	.609	.006	0	.651	.005	0	.821	.001	0	.497	.011	0	.235	.032	0	.235	.032	0	.632	.005	0	.863	.001	0	.029	.104	1	.863	.001	0
verlegen	sheepish	8	13.944	11	3.583	3.583	3.25	3.25	3.583	3.25	3.417	4.25	4.333	4.333	3.667	4.292	4	4.146	2.75	2.083	2.917	3	2.417	2.958	2.688	4	5.083	4.333	3.917	4.565	4.125	4.34	3.583	2.75	2.167	2.833	3.167	2.5	2.833	3.083	2.333	2.5	3	2.708	2.75	2.729	3.063	3.5	1.75	.441	2	.267	.028	0	1	0	0	1	0	0	.479	.011	0	.479	.011	0	.364	.019	0	.104	.059	0	.376	.018	0	.256	.029	0	.399	.017	0	.499	.011	0	.132	.052	0	.083	.067	0	.825	.001	0	.052	.083	0	.901	0	0	.709	.003	0	.067	.074	0
verletzlich	vulnerable	11	.903	15	3.75	3.5	3.5	3	3.625	3.25	3.438	4.833	4.833	4.917	4.833	4.833	4.875	4.854	1.917	1.667	3.364	3.083	1.792	3.217	2.489	3.667	4.167	4.417	3.917	3.917	4.167	4.042	5.083	4.5	4.917	4.333	4.792	4.625	4.708	3.333	3.083	3.333	3.25	3.208	3.292	3.25	2.5	3.375	1.833	.441	2	.347	.02	0	.347	.02	0	.753	.002	0	.907	0	0	.907	0	0	.907	0	0	0	.32	1	.409	.016	0	.962	0	0	.669	.004	0	1	0	0	.394	.017	0	.728	.003	0	.227	.033	0	1	0	0	.78	.002	0	.577	.007	0	.78	.002	0
verlogen	mendacious	8	1.225	14	1.167	1.583	1.25	1.333	1.375	1.292	1.333	6	5.5	6.083	5.5	5.75	5.792	5.771	4	3.25	4.167	3.083	3.625	3.625	3.625	3.25	3.583	3.25	3.083	3.417	3.167	3.292	1.667	2.417	1.667	1.5	2.042	1.583	1.813	2.75	2.917	2.917	2.833	2.833	2.875	2.854	1.25	1.25	1.167	.333	1	.605	.006	0	.125	.053	0	.303	.024	0	.904	0	0	.124	.053	0	.904	0	0	1	0	0	.083	.067	0	.748	.002	0	.654	.005	0	.881	.001	0	.654	.005	0	.156	.045	0	.363	.019	0	.156	.045	0	.761	.002	0	.761	.002	0	.363	.019	0
vernuenftig	reasonable	10	9.813	11	4.5	5.083	5.5	5.833	4.792	5.667	5.229	3.25	3.25	2.583	3.083	3.25	2.833	3.042	5.667	5.583	5.083	5.083	5.625	5.083	5.354	2.417	3	4.417	3.333	2.708	3.875	3.292	5.167	4.75	5.917	5.917	4.958	5.917	5.438	3.417	3.5	3.5	3.917	3.458	3.708	3.583	5.5	5.5	1.958	.167	2	.007	.154	1	.146	.047	0	.688	.004	0	.246	.03	0	.484	.011	0	.484	.011	0	.137	.05	0	.908	0	0	.908	0	0	.01	.142	1	.566	.008	0	.06	.078	0	.008	.151	1	.546	.008	0	.546	.008	0	.282	.026	0	.282	.026	0	.472	.012	0
verspielt	pretty	9	7.084	12	5.75	5.75	3.917	2.917	5.75	3.417	4.583	2.25	2.5	2.583	2.75	2.375	2.667	2.521	2.917	3.333	3.5	2.167	3.125	2.833	2.979	5.5	4.833	5.333	5.167	5.167	5.25	5.208	5.333	5.5	3	2.333	5.417	2.667	4.042	2.167	2.083	1.833	2.167	2.125	2	2.063	5.375	5.063	2	0	2	0	.537	1	.133	.051	0	.133	.051	0	.447	.013	0	.587	.007	0	.913	0	0	.447	.013	0	.234	.032	0	.026	.108	1	.804	.001	0	.219	.034	0	.459	.013	0	0	.451	1	.587	.007	0	.367	.019	0	.543	.008	0	.543	.008	0	.312	.023	0
vertraeumt	dreamy	9	.75	15	5.167	5	4.333	3.5	5.087	3.917	4.489	1.833	2.167	2.083	2	2	2.042	2.021	2.417	2.583	2.917	2.417	2.5	2.667	2.583	6.091	5.667	4.909	4.333	5.87	4.609	5.239	4.5	4.917	3.417	3.667	4.708	3.542	4.125	2.667	2.25	2.083	2.667	2.458	2.375	2.417	5.25	4.875	2	0	2	.002	.196	1	.172	.043	0	.359	.02	0	.893	0	0	.687	.004	0	.503	.01	0	.666	.004	0	.666	.004	0	.389	.017	0	.007	.16	1	.267	.029	0	.865	.001	0	.016	.124	1	.48	.011	0	.859	.001	0	.753	.002	0	.753	.002	0	.064	.076	0
verwirrt	bewildered	8	6.307	12	2.75	3.167	2.364	2.25	2.958	2.304	2.638	4.667	4.333	5.917	4.333	4.5	5.125	4.813	1.667	1.583	2.083	2.333	1.625	2.208	1.917	4.833	5.833	4.083	4.167	5.333	4.125	4.729	2.583	2.5	1.167	1.333	2.542	1.25	1.896	4.083	4.167	4.083	3.75	4.125	3.917	4.021	2	2.563	1.958	.167	2	.03	.104	1	.605	.006	0	.367	.019	0	.143	.048	0	.027	.106	1	.143	.048	0	.094	.063	0	.808	.001	0	.627	.005	0	.023	.111	1	.298	.025	0	.378	.018	0	0	.249	1	.902	0	0	.713	.003	0	.331	.021	0	.559	.008	0	.331	.021	0
verwoehnt	spoiled	8	3.296	13	2.833	2.833	2.75	2.75	2.833	2.75	2.792	3.75	3.75	3.5	3.091	3.75	3.304	3.532	3	3.167	3.667	2.833	3.083	3.25	3.167	3.917	4.25	3.667	4.083	4.083	3.875	3.979	4	3.333	1.667	3	3.667	2.333	3	2.167	1.583	1.5	1.833	1.875	1.667	1.771	3.063	1.875	1.625	.486	2	.846	.001	0	1	0	0	1	0	0	.249	.031	0	.602	.006	0	.602	.006	0	.649	.005	0	.365	.019	0	.177	.041	0	.708	.003	0	.5	.01	0	.94	0	0	.006	.158	1	.476	.012	0	.036	.096	1	.281	.026	0	.516	.01	0	.021	.116	1
vorsichtig	cautious	10	22.973	10	4.417	3.917	4.833	4.833	4.167	4.833	4.5	4.667	4.667	4.417	4.167	4.667	4.292	4.479	4.75	4.583	5.167	4.5	4.667	4.833	4.75	4.5	4.667	3.75	4.167	4.583	3.958	4.271	4.75	4.333	5.5	5.083	4.542	5.292	4.917	4.083	4	4.5	3.909	4.043	4.217	4.13	4.813	4.5	1.917	.333	2	.064	.076	0	.48	.011	0	.48	.011	0	.308	.024	0	.733	.003	0	.733	.003	0	.678	.004	0	.301	.024	0	.534	.009	0	.234	.032	0	.576	.007	0	.81	.001	0	.047	.087	1	.261	.029	0	1	0	0	.523	.01	0	.19	.041	0	.321	.023	0
wach	awake	4	8.071	12	5.833	5.583	6.417	5.833	5.708	6.125	5.917	3.75	4	4.333	5.417	3.875	4.875	4.375	5.833	5.75	5.5	5.75	5.792	5.625	5.708	5.667	4.417	6	4.25	5.042	5.125	5.083	5.167	5	5.5	5.75	5.083	5.625	5.354	1.75	2.083	1.917	2.417	1.917	2.167	2.042	5.938	5.625	2	0	2	.093	.063	0	.093	.063	0	.496	.011	0	.038	.094	1	.162	.044	0	.379	.018	0	.665	.004	0	.828	.001	0	.665	.004	0	.868	.001	0	.004	.17	1	.619	.006	0	.184	.04	0	.918	0	0	.606	.006	0	.275	.027	0	.072	.072	0	.714	.003	0
waehlerisch	particular	10	.738	15	4.167	3.667	4.25	4.583	3.917	4.417	4.167	4.917	4.417	4.083	3.833	4.667	3.958	4.313	5.667	5.167	4.667	5.083	5.417	4.875	5.146	3.917	4.167	3.667	3.091	4.042	3.391	3.723	5.917	4.667	4.818	5.083	5.292	4.957	5.128	2.583	2.583	2.833	3	2.583	2.917	2.75	4.125	3.938	1.583	.441	2	.193	.038	0	.827	.001	0	.277	.027	0	.036	.096	1	.257	.029	0	.704	.003	0	.16	.044	0	.913	0	0	.233	.032	0	.222	.035	0	.762	.002	0	.444	.014	0	.453	.013	0	.28	.027	0	.099	.062	0	.272	.027	0	.782	.002	0	.782	.002	0
weich	soft-hearted	5	7.782	12	5.833	5.25	5.75	3.833	5.542	4.792	5.167	1.583	2.083	1.75	2.083	1.833	1.917	1.875	3.5	2.75	2.667	2.833	3.125	2.75	2.938	5.833	4.75	4.583	4.417	5.292	4.5	4.896	5	4.083	3.833	2.583	4.542	3.208	3.875	3.333	3.417	3.75	3.417	3.375	3.583	3.479	4.333	4.267	1.917	.333	2	.045	.088	1	.001	.212	1	.074	.071	0	.714	.003	0	.072	.072	0	.714	.003	0	.262	.028	0	.382	.017	0	.172	.042	0	.157	.045	0	.262	.029	0	.409	.016	0	.007	.156	1	.025	.109	1	.723	.003	0	.299	.024	0	.532	.009	0	.299	.024	0
weise	wise	5	8.563	12	6.5	6.417	6.667	5.917	6.458	6.292	6.375	2.167	2.333	3.417	3.5	2.25	3.458	2.854	6.417	5.75	4.75	5.75	6.083	5.25	5.667	4.167	5.833	3.583	4.5	5	4.042	4.521	4.75	4.083	3.727	4.667	4.417	4.217	4.319	4.417	4.333	4.333	4.417	4.375	4.375	4.375	6	6.188	1.708	.363	2	.484	.011	0	.085	.066	0	.166	.043	0	.008	.149	1	.776	.002	0	.924	0	0	.087	.065	0	.728	.003	0	.087	.065	0	.071	.072	0	.016	.124	1	.472	.012	0	.569	.008	0	.724	.003	0	.042	.093	1	1	0	0	1	0	0	.646	.005	0
zaghaft	timid	7	2.715	13	3.583	3.417	3.25	3.083	3.5	3.167	3.333	3.75	3.75	3.5	3.5	3.75	3.5	3.625	2.417	2.333	3.667	3	2.375	3.333	2.854	3.333	3.75	4.25	3.75	3.542	4	3.771	3.167	2.917	2.25	2.417	3.042	2.333	2.688	3.75	3.333	3	3.5	3.542	3.25	3.396	3.25	3.813	1.833	.441	2	.307	.024	0	.608	.006	0	1	0	0	.545	.008	0	1	0	0	1	0	0	.027	.107	1	.375	.018	0	.489	.011	0	.311	.023	0	.926	0	0	.311	.023	0	.107	.058	0	.923	0	0	.631	.005	0	.328	.022	0	.888	0	0	.127	.052	0
zaertlich	tender	8	4.348	13	6.667	6.5	6.083	6.167	6.583	6.125	6.354	1.583	1.833	2.417	2.636	1.708	2.522	2.106	4.583	3.917	4.083	4.5	4.25	4.292	4.271	5.333	6.417	6.5	6.083	5.875	6.292	6.083	6.25	6.167	5.5	5.167	6.208	5.333	5.771	2.667	2.667	2.833	2.25	2.667	2.542	2.604	6.188	6.375	1.292	.441	1	.054	.082	0	.858	.001	0	.592	.007	0	.049	.087	1	.563	.008	0	.97	0	0	.932	0	0	.797	.002	0	.269	.028	0	.229	.033	0	.334	.021	0	.033	.099	1	.026	.107	1	.587	.007	0	.744	.002	0	.621	.006	0	.251	.03	0	.251	.03	0
zerstreut	absent-minded	9	3.067	13	3.167	3.25	2.917	3	3.208	2.958	3.083	3.917	3.417	5.25	4	3.667	4.625	4.146	2	1.5	2.333	2	1.75	2.167	1.958	4.455	5.667	4.667	4	5.087	4.333	4.702	3.25	3.333	2.5	2.25	3.292	2.375	2.833	4.167	4.25	3.917	3.833	4.208	3.875	4.042	2.5	2.688	1.792	.441	2	.45	.013	0	.801	.001	0	1	0	0	.031	.101	1	.048	.086	1	.389	.017	0	.251	.03	0	.251	.03	0	.817	.001	0	.106	.06	0	.539	.009	0	.039	.096	1	.039	.093	1	.848	.001	0	.701	.003	0	.129	.052	0	1	0	0	.701	.003	0
zornig	furious	6	5.534	12	1.833	1.833	1.667	1.917	1.833	1.792	1.813	6.25	6.25	6.5	6.083	6.25	6.292	6.271	3.333	3	4	3.25	3.167	3.625	3.396	5.833	6.25	5.5	5.917	6.042	5.708	5.875	2.167	3.25	1.833	2.5	2.708	2.167	2.438	3	2.667	2.75	2.417	2.833	2.583	2.708	1.75	1.563	1.333	.486	1	.854	.001	0	.583	.007	0	.583	.007	0	.833	.001	0	.295	.025	0	.295	.025	0	.351	.02	0	.271	.027	0	.671	.004	0	.364	.019	0	.258	.029	0	1	0	0	.203	.037	0	.042	.09	1	.621	.006	0	.225	.033	0	.108	.058	0	1	0	0
zufrieden	content	9	52.64	9	6.5	6.167	6.5	6.083	6.333	6.292	6.313	1.417	1.667	1.417	1.667	1.542	1.542	1.542	5.167	4.417	4.667	4.833	4.792	4.75	4.771	4.833	5.583	5.417	4.364	5.208	4.913	5.064	5.833	5.5	6	5.75	5.667	5.875	5.771	3.333	2.75	3.667	3.667	3.042	3.667	3.354	6.813	6.688	2	0	2	.834	.001	0	.064	.076	0	.834	.001	0	1	0	0	.309	.023	0	1	0	0	.935	0	0	.567	.008	0	.37	.018	0	.555	.008	0	.778	.002	0	.099	.062	0	.573	.007	0	.43	.014	0	.91	0	0	.004	.174	1	.162	.044	0	.162	.044	0
 	 	 	 	 	 	 	 	 	 	 	 	 	 	 	 	 	 	 	 	 	 	 	 	 	 	 	 	 	 	 	 	 	 	 	 	 	 	 	 	 	 	 	 	 	 	 	 	 	 	 	 	 	 	 	 	 	 	 	 	 	 	 	 	 	 	 	 	 	 	 	 	 	 	 	 	 	 	 	 	 	 	 	 	 	 	 	 	 	 	 	 	 	 	 	 	 	 	 	 	 	 	 	 	 	 
 	 	 	 	 	 	 	 	 	 	 	 	 	 	 	 	 	 	 	 	 	 	 	 	 	 	 	 	 	 	 	 	 	 	 	 	 	 	 	 	 	 	 	 	 	 	 	 	 	 	 	 	 	 	 	 	 	 	 	 	 	 	 	 	 	 	 	 	 	 	 	 	 	 	 	 	 	 	 	 	 	 	 	 	 	 	 	 	 	 	 	 	 	 	 	 	 	 	 	 	 	 	 	 	 	 
