No.	Type	Set	Japanese Name (Romanized)	English Name	S&V (1980)	RTst	RTlib	H	Name Agreement		AoA	FAM	MORA	
					Original No.				NAst	NAlib				
1	O	1	AIRON	Iron	123 	921 	921 	0.00 	100.0 	100.0 	4.4 	5.3 	4 	
2	O	2	AIRON-DAI	Ironing board	124 	1481 	1483 	0.77 	77.5 	85.0 	5.5 	4.7 	6 	
3	O	3	AKÔDEION	Accordion	1 	1653 	1609 	1.13 	55.0 	62.5 	5.8 	2.5 	6 	
4	O	1	ASHI	Foot	94 	704 	704 	0.00 	100.0 	100.0 	1.6 	6.6 	2 	
5	O	2	ASHI	Leg	134 	764 	764 	0.34 	97.5 	97.5 	2.6 	6.7 	2 	
6	O	3	ASHI NO YUBI	Toe	235 	1323 	1380 	1.90 	85.0 	95.0 	3.0 	6.2 	5 	
7	C	1	ASUPARAGASU	Asparagus	11 	1626 	1661 	1.47 	77.5 	85.0 	5.5 	5.3 	6 	
8	O	2	AHIRU	Duck	81 	1253 	1218 	1.23 	77.5 	85.0 	3.7 	4.8 	3 	
9	O	3	ARI	Ant	5 	908 	908 	0.00 	100.0 	100.0 	2.4 	4.8 	2 	
10	C	1	IE	House	122 	911 	911 	0.18 	92.5 	92.5 	2.2 	6.7 	2 	
11	O	2	IKARI	Anchor	4 	1078 	1078 	0.00 	90.0 	90.0 	6.1 	2.8 	3 	
12	O	3	ISU	Chair	53 	707 	707 	0.00 	97.5 	97.5 	2.6 	6.1 	2 	
13	O	1	ISU	Stool	218 	852 	852 	0.18 	92.5 	92.5 	1.9 	6.5 	2 	
14	O	2	ICHIGO	Strawberry	220 	911 	911 	0.00 	95.0 	95.0 	2.8 	6.4 	3 	
15	O	3	ITO	Spool of thread	214 	1319 	1254 	1.17 	72.5 	90.0 	4.0 	4.3 	2 	
16	C	1	IDO	Well	253 	1292 	1292 	0.00 	95.0 	95.0 	4.7 	2.7 	2 	
17	O	2	ITO-TSUMUGI	Spinning wheel	213 	1347 	2210 	2.92 	2.5 	60.0 	6.7 	2.5 	5 	
18	O	3	INU	Dog	73 	1096 	1096 	0.00 	90.0 	90.0 	2.2 	5.8 	2 	
19	A	1	IRUKA	Dolphin		906 	906 	0.17 	97.5 	97.5 	3.3 	4.1 	3 	
20	O	2	USAGI	Rabbit	182 	743 	743 	0.00 	97.5 	97.5 	2.8 	5.5 	3 	
21	O	3	USHI	Cow	68 	1071 	1071 	0.00 	100.0 	100.0 	3.1 	4.2 	2 	
22	O	1	UDE	Arm	7 	1191 	1217 	0.89 	67.5 	97.5 	2.8 	6.8 	2 	
23	O	2	UDE-DOKEI	Watch	250 	950 	950 	0.98 	100.0 	100.0 	4.4 	6.4 	5 	
24	A	3	UNAGI	Eel		1281 	1307 	1.22 	80.0 	90.0 	4.9 	4.3 	3 	
25	O	1	UBAGURUMA	Baby carriage	13 	1141 	1141 	0.53 	85.0 	85.0 	3.9 	3.4 	5 	
26	O	2	UMA	Horse	121 	921 	921 	0.00 	100.0 	100.0 	3.0 	4.7 	2 	
27	A	3	EBI	Shrimp		1146 	1255 	1.00 	67.5 	92.5 	3.7 	4.9 	2 	
28	A	1	ENTOTSU	Chimney		938 	934 	0.29 	95.0 	100.0 	3.8 	3.6 	4 	
29	O	2	ENPITSU	Pencil	168 	858 	858 	0.00 	95.0 	95.0 	3.5 	6.5 	4 	
30	O	3	OUKAN	Crown	69 	1042 	1038 	0.62 	82.5 	97.5 	4.8 	2.2 	4 	
31	A	1	OOKAMI	Wolf		1609 	1551 	1.14 	50.0 	92.5 	3.7 	2.7 	4 	
32	O	2	ÔTOBAI	Motorcycle	147 	1072 	874 	0.54 	12.5 	100.0 	5.3 	4.3 	5 	
33	C	3	OTTOSEI	Seal	201 	1482 	1565 	1.56 	37.5 	87.5 	5.1 	2.6 	5 	
34	O	1	ONO	Axe	12 	1462 	1437 	0.83 	80.0 	85.0 	4.4 	2.6 	2 	
35	O	2	OYA-YUBI	Thumb	231 	955 	955 	0.78 	97.5 	97.5 	3.1 	6.7 	4 	
36	A	3	ORUGAN	Choir organ		1417 	1357 	0.86 	75.0 	92.5 	4.0 	3.1 	4 	
37	A	1	KA	Mosquito		1321 	1501 	1.40 	67.5 	85.0 	3.4 	5.9 	1 	
38	A	2	KÂTEN	Curtain		761 	761 	0.00 	100.0 	100.0 	3.9 	6.3 	4 	
39	A	3	KAIDAN	Staircase		791 	791 	0.17 	97.5 	97.5 	3.1 	6.3 	4 	
40	O	1	KAERU	Frog	100 	689 	689 	0.00 	100.0 	100.0 	2.6 	4.3 	3 	
41	A	2	KAGAMI	Mirror		961 	961 	0.18 	92.5 	92.5 	3.3 	6.7 	3 	
42	O	3	KAGI	Key	128 	651 	651 	0.17 	97.5 	97.5 	3.9 	6.5 	2 	
43	O	1	KAGI	Lock	143 	1080 	1167 	0.80 	85.0 	95.0 	3.8 	5.6 	2 	
44	O	2	KASA	Umbrella	245 	621 	621 	0.00 	100.0 	100.0 	2.9 	6.5 	2 	
45	O	3	KATATSUMURI	Snail	208 	801 	809 	0.58 	87.5 	97.5 	2.9 	4.1 	5 	
46	A	1	KATANA	Japanese sword		1032 	1166 	0.88 	80.0 	100.0 	4.7 	3.0 	3 	
47	O	2	KAPPU	Cup	70 	942 	940 	1.89 	30.0 	95.0 	3.5 	6.5 	3 	
48	C	3	KANADUCHI	Hammer	114 	857 	925 	1.31 	42.5 	97.5 	4.9 	4.3 	4 	
49	A	1	KANI	Crab		897 	897 	0.00 	100.0 	100.0 	2.8 	4.6 	2 	
50	A	2	KANÛ	Canoe		1428 	1621 	1.79 	30.0 	75.0 	6.3 	3.2 	3 	
51	A	3	KABA	Hippopotamus		1441 	1368 	0.76 	70.0 	90.0 	3.4 	2.6 	2 	
52	C	1	KABAN	Suitcase	221 	841 	841 	0.34 	95.0 	95.0 	2.4 	6.5 	3 	
53	C	2	KABUTOMUSHI	Beetle	24 	854 	854 	0.36 	87.5 	87.5 	3.4 	4.8 	5 	
54	O	3	KABOCHA	Pumpkin	181 	842 	842 	0.00 	100.0 	100.0 	3.6 	4.7 	3 	
55	C	1	KAMI	Hair	113 	1108 	1195 	1.82 	55.0 	95.0 	2.2 	6.9 	2 	
56	O	2	KAME	Turtle	244 	632 	632 	0.00 	100.0 	100.0 	3.0 	4.9 	2 	
57	A	3	KAMOME	Seagull		1815 	1368 	2.10 	12.5 	60.0 	4.6 	3.0 	3 	
58	O	1	KANGARÛ	Kangaroo	126 	847 	847 	0.00 	100.0 	100.0 	3.9 	3.6 	5 	
59	A	2	KANKIRI	Can opener		1933 	1890 	1.68 	40.0 	67.5 	5.5 	4.8 	4 	
60	C	3	KI	Tree	241 	1043 	1043 	0.80 	85.0 	90.0 	2.6 	6.0 	1 	
61	A	1	KIKANJUU	Machine gun		1280 	1446 	2.06 	30.0 	87.5 	6.8 	2.2 	5 	
62	O	2	GITÂ	Guitar	111 	804 	804 	0.17 	97.5 	97.5 	5.6 	5.0 	3 	
63	A	3	KITSUTSUKI	Woodpecker		1174 	1174 	0.17 	95.0 	95.0 	5.3 	2.9 	4 	
64	O	1	KITSUNE	Fox	98 	1461 	1447 	0.80 	77.5 	92.5 	2.8 	3.3 	3 	
65	O	2	KINOKO	Mushroom	150 	900 	896 	1.09 	60.0 	92.5 	3.5 	5.7 	3 	
66	C	3	KYABETSU	Lettuce	137 	843 	843 	0.17 	97.5 	97.5 	3.5 	5.8 	3 	
67	O	1	KYOUKAI	Church	57 	1319 	1254 	1.18 	72.5 	90.0 	5.6 	4.4 	4 	
68	O	2	KIRIN	Giraffe	103 	979 	979 	0.00 	100.0 	100.0 	2.9 	4.9 	3 	
69	A	3	KINGYO	Goldfish		960 	955 	0.72 	82.5 	95.0 	3.0 	4.2 	3 	
70	O	1	KUGI	Nail	151 	1152 	1144 	0.48 	85.0 	90.0 	4.7 	3.8 	2 	
71	O	2	KUSARI	Chain	52 	920 	920 	0.81 	75.0 	100.0 	5.3 	4.6 	3 	
72	O	3	KUSHI	Comb	65 	942 	942 	0.46 	90.0 	95.0 	3.7 	5.0 	2 	
73	O	1	KUJAKU	Peacock	164 	1302 	1302 	0.18 	92.5 	92.5 	4.5 	3.4 	3 	
74	A	2	KUJIRA	Whale		1036 	1072 	0.29 	92.5 	97.5 	3.6 	4.5 	3 	
75	O	3	KUCHIBIRU	Lips	141 	745 	745 	0.55 	97.5 	97.5 	3.4 	6.1 	4 	
76	O	1	KUTSU	Shoe	204 	831 	831 	0.00 	95.0 	95.0 	1.7 	6.4 	2 	
77	O	2	KUTSUSHITA	Sock	211 	722 	722 	0.17 	95.0 	95.0 	2.8 	6.4 	4 	
78	O	3	KUMO	Cloud	62 	1432 	1432 	0.18 	90.0 	90.0 	2.9 	5.7 	2 	
79	O	1	KUMO	Spider	212 	1173 	1212 	0.30 	87.5 	92.5 	3.1 	4.9 	2 	
80	O	2	GURASU	Wineglass	258 	1078 	1078 	0.82 	95.0 	100.0 	4.5 	6.2 	3 	
81	O	3	GURANDO-PIANO	Piano	171 	847 	847 	0.39 	97.5 	97.5 	5.4 	3.5 	7 	
82	A	1	KURI	Chestnut		789 	789 	0.00 	100.0 	100.0 	3.2 	5.1 	2 	
83	C	2	KURUMA	Car	47 	902 	886 	0.38 	92.5 	100.0 	2.5 	6.5 	3 	
84	A	3	KEIRYOU-KAPPU	Measuring cup		1176 	1221 	1.78 	67.5 	87.5 	6.3 	4.3 	7 	
85	O	1	KÊKI	Cake	42 	958 	958 	0.00 	100.0 	100.0 	1.9 	6.3 	3 	
86	C	2	KEMUSHI	Caterpillar	50 	1372 	1535 	1.62 	45.0 	85.0 	3.8 	4.4 	3 	
87	A	3	KEN	Sword		2610 	2422 	3.07 	15.0 	57.5 	5.2 	3.1 	2 	
88	A	1	KOUMORI	Bat		944 	944 	0.00 	100.0 	100.0 	4.6 	2.8 	4 	
89	O	2	KÔTO	Coat	64 	1259 	1326 	1.61 	70.0 	87.5 	5.2 	6.4 	3 	
90	C	3	KOSHOU*	Saltshaker	194 	968 	1379 	0.96 	37.5 	97.5 	5.3 	5.1 	3 	
91	O	1	KOPPU	Glass	104 	716 	716 	0.00 	97.5 	97.5 	1.8 	6.6 	3 	
92	A	2	KOTO	Japanese harp		1087 	1107 	0.29 	92.5 	97.5 	5.9 	4.6 	2 	
93	A	3	KOBURA	Cobra		1217 	1389 	1.14 	40.0 	92.5 	5.7 	2.3 	3 	
94	O	1	KOMA	Top	238 	1009 	1009 	0.17 	97.5 	97.5 	3.0 	3.8 	2 	
95	O	2	GORIRA	Gorilla	108 	891 	891 	0.63 	87.5 	92.5 	3.3 	4.5 	3 	
96	O	3	KONSENTO	Plug	177 	1094 	1099 	1.12 	67.5 	90.0 	4.4 	6.2 	5 	
97	O	1	SAI	Rhinoceros	186 	1010 	1010 	0.17 	97.5 	97.5 	3.6 	3.0 	2 	
98	C	2	SAIRO	Barn	17 	1718 	2067 	3.23 	22.5 	45.0 	7.8 	2.1 	3 	
99	C	3	SAKANA	Fish	89 	1061 	1429 	1.65 	67.5 	92.5 	2.5 	5.3 	3 	
100	O	1	SAKU	Fence	87 	1134 	1124 	0.64 	85.0 	90.0 	4.6 	4.1 	2 	
101	A	2	SAKURA	Cherry blossom		1176 	1348 	1.33 	55.0 	87.5 	3.6 	6.4 	3 	
102	O	3	SAKURANBO	Cherry	54 	1294 	1295 	0.86 	75.0 	85.0 	3.2 	4.8 	5 	
103	A	1	SAME	Shark		1009 	1050 	0.30 	90.0 	95.0 	3.9 	3.2 	2 	
104	A	2	SARA	Plate		917 	917 	0.34 	92.5 	92.5 	3.1 	6.7 	2 	
105	C	3	ZARIGANI	Lobster	142 	1009 	1014 	0.57 	90.0 	100.0 	3.9 	3.7 	4 	
106	O	1	SARU	Monkey	145 	860 	860 	0.17 	95.0 	95.0 	2.4 	4.4 	2 	
107	A	2	SANKAKU-JOUGI	Triangle ruler		895 	895 	0.88 	97.5 	97.5 	5.3 	4.8 	7 	
108	O	3	SANDOICCHI	Sandwich	195 	1144 	1144 	0.34 	92.5 	92.5 	3.8 	5.5 	6 	
109	A	1	SANRINSHA	Tricycle		944 	944 	0.00 	95.0 	95.0 	2.1 	3.8 	5 	
110	O	2	SHIKA	Deer	71 	1088 	1237 	0.67 	80.0 	90.0 	3.5 	4.3 	2 	
111	A	3	SHITA	Tongue		847 	843 	0.54 	87.5 	100.0 	3.8 	6.2 	2 	
112	A	1	SHICHIMENCHOU	Turkey		2100 	2248 	2.41 	30.0 	47.5 	6.5 	2.5 	6 	
113	O	2	JITENSHA	Bicycle	27 	756 	756 	0.17 	95.0 	95.0 	3.7 	6.7 	4 	
114	O	3	SHIMAUMA	Zebra	260 	881 	881 	0.00 	100.0 	100.0 	3.6 	2.7 	4 	
115	O	1	JAGAIMO	Potato	180 	1176 	1176 	0.80 	92.5 	92.5 	2.5 	6.1 	4 	
116	A	2	JAGUCHI	Faucet		978 	968 	0.55 	85.0 	97.5 	4.2 	6.3 	3 	
117	C	3	JAKETTO	Jacket	125 	1424 	1369 	1.56 	65.0 	82.5 	6.6 	5.1 	4 	
118	A	1	SHABERU	Shovel		1020 	1042 	1.00 	50.0 	97.5 	2.7 	3.8 	3 	
119	O	2	SHARIN	Wheel	254 	1151 	1242 	1.08 	77.5 	85.0 	5.2 	4.3 	3 	
120	A	3	JANPÂ	Jumper		1928 	1655 	1.48 	55.0 	90.0 	4.0 	5.0 	4 	
121	C	1	JOURO	Watering can	251 	1212 	1212 	0.00 	95.0 	95.0 	3.0 	4.2 	3 	
122	C	2	SHORUDÂ-BAGGU	Pocketbook	178 	967 	914 	1.64 	35.0 	100.0 	6.0 	5.9 	7 	
123	A	3	SHIRO	Castle		889 	889 	0.00 	100.0 	100.0 	3.9 	2.6 	2 	
124	A	1	SHIRO	Japanese castle		1066 	1066 	1.04 	97.5 	97.5 	5.1 	4.1 	2 	
125	C	2	SHIRO-KUMA	Bear	21 	1004 	1004 	0.81 	100.0 	100.0 	4.3 	4.2 	4 	
126	C	3	SHINGOU	Traffic light	239 	966 	966 	0.00 	95.0 	95.0 	3.4 	6.3 	4 	
127	A	1	JINJA	Shinto shrine		2151 	2264 	2.09 	47.5 	67.5 	4.5 	4.4 	3 	
128	O	2	SUIKA	Watermelon	252 	863 	863 	0.17 	97.5 	97.5 	3.1 	6.0 	3 	
129	O	3	SUICCHI	Light switch	139 	1516 	1516 	0.19 	85.0 	85.0 	3.9 	6.3 	4 	
130	O	1	SUKÂTO	Skirt	205 	889 	889 	0.00 	100.0 	100.0 	2.5 	6.3 	4 	
131	O	2	SUKANKU	Skunk	206 	2051 	1914 	1.51 	40.0 	82.5 	5.6 	3.3 	4 	
132	A	3	SUKÎ ITA	Ski		917 	917 	1.14 	95.0 	95.0 	5.8 	4.2 	5 	
133	A	1	SUKÛTÂ	Scooter		1396 	1182 	1.63 	22.5 	95.0 	6.5 	3.9 	5 	
134	A	2	SUKÊTO GUTSU	Skating boots		1062 	1067 	1.32 	85.0 	90.0 	5.6 	3.8 	6 	
135	C	3	SUZUME	Bird	28 	1707 	1669 	1.69 	50.0 	72.5 	3.3 	5.1 	3 	
136	A	1	SUTEREO	Stereo set		1463 	1942 	2.73 	37.5 	80.0 	5.9 	5.5 	4 	
137	A	2	SUPAIKU	Spiked shoe		1474 	1067 	1.73 	10.0 	90.0 	7.0 	3.6 	4 	
138	O	3	SUPANA	Wrench	259 	1169 	1608 	2.06 	35.0 	60.0 	7.7 	3.5 	3 	
139	O	1	SUPÛN	Spoon	215 	925 	925 	0.00 	95.0 	95.0 	1.9 	6.6 	4 	
140	O	2	ZUBON	Pants	162 	1043 	1039 	0.55 	90.0 	97.5 	3.2 	6.5 	3 	
141	A	3	SURIPPA	Slippers		685 	685 	0.18 	92.5 	92.5 	3.5 	5.1 	4 	
142	O	1	SÊTÂ	Sweater	224 	1087 	1087 	0.87 	82.5 	82.5 	3.9 	5.9 	4 	
143	O	2	SERORI	Celery	51 	1489 	1475 	1.23 	27.5 	80.0 	5.2 	4.8 	3 	
144	A	3	SENKAN	Battleship		1566 	1383 	1.41 	25.0 	97.5 	6.3 	2.3 	4 	
145	A	1	SENSHA	Tank		1289 	1289 	0.00 	97.5 	97.5 	5.3 	2.2 	3 	
146	A	2	SENSUIKAN	Submarine		1242 	1274 	1.61 	55.0 	85.0 	5.0 	3.1 	6 	
147	A	3	SENSUI FUKU	Diving suit		1667 	1624 	3.21 	15.0 	52.5 	7.4 	1.8 	6 	
148	O	1	SENTAKU-BASAMI	Clothespin	61 	1802 	1894 	1.10 	62.5 	85.0 	3.9 	5.6 	7 	
149	O	2	ZOU	Elephant	84 	658 	658 	0.00 	100.0 	100.0 	3.0 	4.8 	2 	
150	O	3	SOFÂ	Couch	67 	1063 	1034 	0.79 	80.0 	95.0 	5.2 	5.0 	3 	
151	C	1	SORI	Sled	207 	1470 	1470 	0.18 	87.5 	87.5 	3.7 	3.4 	2 	
152	O	2	TAIKO	Drum	80 	1103 	1091 	1.01 	65.0 	90.0 	3.7 	5.2 	3 	
153	A	3	DAIKON	Japanese radish		891 	891 	0.18 	92.5 	92.5 	3.4 	5.4 	4 	
154	O	1	TAIHOU	Cannon	45 	1862 	1862 	1.27 	57.5 	57.5 	6.1 	2.1 	4 	
155	O	2	TAIYOU	Sun	222 	755 	755 	0.30 	90.0 	95.0 	2.7 	6.5 	4 	
156	A	3	TAKI	Waterfall		957 	1004 	0.39 	90.0 	97.5 	4.7 	3.4 	2 	
157	A	1	TAKE	Bamboo		1014 	1072 	0.55 	85.0 	97.5 	3.7 	4.2 	2 	
158	A	2	TAKEUMA	Stilts  		1289 	1289 	0.58 	75.0 	75.0 	4.3 	4.1 	4 	
159	O	3	TAKO	Kite	129 	955 	945 	0.29 	92.5 	97.5 	3.6 	3.3 	2 	
160	O	1	DACHOU	Ostrich	159 	1381 	1385 	1.12 	72.5 	80.0 	4.7 	2.8 	3 	
161	O	2	TATSUNOOTOSHIGO	Sea horse	200 	1052 	1052 	0.00 	82.5 	82.5 	5.7 	3.3 	7 	
162	C	3	TANUKI	Raccoon	183 	1168 	1185 	1.30 	47.5 	82.5 	3.5 	3.5 	3 	
163	O	1	TABAKO	Cigarette	59 	1020 	1020 	0.17 	97.5 	97.5 	4.3 	4.4 	3 	
164	O	2	TAMANEGI	Onion	157 	1068 	1071 	0.48 	85.0 	90.0 	3.5 	6.3 	4 	
165	O	3	TARU	Barrel	18 	914 	914 	0.00 	95.0 	95.0 	5.9 	2.3 	2 	
166	A	1	TANKÂ	Oil tanker		2644 	1855 	0.97 	7.5 	80.0 	7.5 	2.0 	4 	
167	O	2	TANSU	Dresser	79 	912 	912 	0.17 	95.0 	95.0 	4.1 	6.4 	3 	
168	A	3	DANRO	Fireplace		975 	975 	0.34 	95.0 	95.0 	5.1 	2.2 	3 	
169	A	1	CHÛRIPPU	Tulip		908 	908 	0.17 	95.0 	95.0 	2.4 	5.0 	5 	
170	C	2	CHOU	Butterfly	40 	815 	815 	1.14 	97.5 	97.5 	2.9 	5.8 	2 	
171	O	3	TSUKUE	Desk	72 	893 	893 	0.34 	95.0 	95.0 	3.4 	5.9 	3 	
172	O	1	TSUKUE	Table	226 	892 	1051 	0.72 	80.0 	100.0 	2.3 	6.5 	3 	
173	A	2	TSUBASA	Wing		741 	872 	0.54 	12.5 	100.0 	4.4 	4.0 	3 	
174	A	3	TSUBAME	Swallow		1254 	1259 	1.05 	77.5 	90.0 	4.0 	4.4 	3 	
175	C	1	TSUBO	Vase	246 	1304 	1342 	0.85 	65.0 	90.0 	4.5 	3.6 	2 	
176	C	2	TSUBOMI*	Artichoke	9 	2666 	3249 	2.63 	15.0 	57.5 	4.4 	5.1 	3 	
177	A	3	TSURU	Japanese crane		1261 	1270 	1.35 	67.5 	77.5 	4.1 	3.2 	2 	
178	O	1	TE	Hand	115 	774 	774 	0.00 	92.5 	92.5 	1.7 	6.8 	1 	
179	A	2	TEÎ-SHATSU	T-Shirt		1242 	1236 	1.21 	87.5 	97.5 	4.3 	6.8 	4 	
180	A	3	TÊPU REKÔDÂ	Tape recorder		1641 	1901 	2.65 	42.5 	65.0 	5.7 	3.6 	8 	
181	O	1	TEBUKURO	Glove	106 	853 	860 	0.45 	92.5 	97.5 	3.0 	5.7 	4 	
182	O	2	TEBUKURO	Mitten	144 	1128 	1128 	0.00 	95.0 	95.0 	3.5 	5.9 	4 	
183	O	3	TEREBI	Television	228 	832 	832 	0.00 	100.0 	100.0 	2.6 	6.8 	3 	
184	C	1	DENKI SUTANDO	Lamp	132 	1390 	1525 	2.73 	40.0 	80.0 	5.1 	5.6 	7 	
185	O	2	DENKYUU	Light bulb	138 	1000 	1000 	0.81 	82.5 	87.5 	4.7 	5.9 	4 	
186	C	3	DENSHA	Train	240 	948 	948 	0.17 	95.0 	95.0 	3.4 	6.1 	3 	
187	C	1	DENSHI-RENJI*	Stove	219 	1428 	1440 	2.11 	57.5 	87.5 	4.7 	6.3 	6 	
188	A	2	TENTO	Tent		760 	760 	0.00 	97.5 	97.5 	4.6 	4.0 	3 	
189	A	3	TENTOUMUSHI	Ladybug		824 	824 	0.17 	95.0 	95.0 	3.3 	4.1 	6 	
190	O	1	DENWA	Telephone	227 	703 	703 	0.00 	100.0 	100.0 	2.3 	6.6 	3 	
191	O	2	DOA	Door	76 	703 	703 	0.17 	95.0 	95.0 	3.1 	6.4 	2 	
192	O	3	TOUMOROKOSHI	Corn	66 	1023 	1023 	0.00 	97.5 	97.5 	3.6 	5.2 	6 	
193	O	1	TÔSUTÂ	Toaster	234 	1575 	1584 	1.27 	80.0 	85.0 	4.6 	4.9 	5 	
194	O	2	TOKEI	Clock	60 	767 	767 	0.29 	100.0 	100.0 	3.3 	6.9 	3 	
195	O	3	TOMATO	Tomato	236 	1041 	1041 	0.34 	95.0 	95.0 	2.9 	5.4 	3 	
196	O	1	TORA	Tiger	233 	1011 	1024 	0.30 	90.0 	95.0 	3.1 	3.7 	2 	
197	O	2	DORAIBÂ	Screwdriver	199 	1797 	1802 	1.03 	72.5 	77.5 	5.9 	4.6 	5 	
198	A	3	TORAKUTÂ	Tractor		1258 	1318 	1.61 	62.5 	67.5 	5.7 	3.3 	5 	
199	O	1	TORAKKU	Truck	242 	895 	895 	0.30 	90.0 	95.0 	3.2 	4.9 	4 	
200	A	2	TORANPU	Playing cards		726 	726 	0.17 	97.5 	97.5 	3.7 	5.7 	4 	
201	O	3	TORANPETTO	Trumpet	243 	963 	992 	1.00 	67.5 	92.5 	6.4 	3.1 	6 	
202	C	1	DORESU	Dress	78 	1069 	1087 	0.73 	85.0 	92.5 	3.4 	4.9 	3 	
203	C	2	TOROKKO	Wagon	249 	1448 	1433 	1.19 	60.0 	72.5 	6.3 	2.4 	4 	
204	A	3	TONBO	Dragonfly		769 	769 	0.00 	95.0 	95.0 	3.0 	4.3 	3 	
205	O	1	NAIFU	Knife	130 	1263 	1341 	0.81 	82.5 	92.5 	4.4 	5.3 	3 	
206	O	2	NATTO	Nut	156 	1514 	1598 	2.01 	25.0 	67.5 	7.4 	3.0 	3 	
207	O	3	NABE	Pot	179 	1370 	1352 	1.63 	70.0 	80.0 	3.8 	5.7 	2 	
208	O	1	NIWATORI	Chicken	55 	948 	962 	0.46 	90.0 	95.0 	2.8 	4.4 	4 	
209	O	2	NIWATORI	Rooster	191 	888 	888 	0.34 	95.0 	95.0 	3.2 	5.0 	4 	
210	O	3	NINGYOU	Doll	74 	1533 	1656 	1.95 	35.0 	90.0 	2.4 	3.8 	4 	
211	C	1	NINJIN	Carrot	48 	879 	879 	0.35 	90.0 	90.0 	2.2 	6.0 	4 	
212	O	2	NEKUTAI	Tie	232 	750 	750 	0.00 	100.0 	100.0 	4.7 	5.0 	4 	
213	O	3	NEKO	Cat	49 	705 	705 	0.00 	100.0 	100.0 	2.4 	5.4 	2 	
214	O	1	NEJI	Screw	198 	1937 	1473 	1.12 	35.0 	90.0 	4.7 	3.9 	2 	
215	O	2	NEZUMI	Mouse	149 	1018 	1018 	0.00 	100.0 	100.0 	3.5 	4.5 	3 	
216	O	3	NEKKURESU	Necklace	153 	981 	981 	0.53 	85.0 	85.0 	4.4 	4.4 	5 	
217	C	1	NOKOGIRI	Saw	196 	813 	813 	0.00 	97.5 	97.5 	4.3 	3.5 	4 	
218	O	2	NOBU	Doorknob	77 	1570 	1642 	1.95 	65.0 	72.5 	5.3 	5.7 	2 	
219	O	3	NOMI	Chisel	56 	3027 	2561 	2.70 	17.5 	45.0 	7.5 	2.7 	2 	
220	A	1	HA	Teeth		1138 	1301 	0.95 	60.0 	95.0 	2.3 	6.5 	1 	
221	C	2	HA	Leaf	133 	961 	979 	1.14 	90.0 	95.0 	3.3 	6.3 	1 	
222	O	3	HÂTO	Heart	119 	657 	657 	0.17 	97.5 	97.5 	4.3 	4.6 	3 	
223	O	1	HÂPU	Harp	117 	1228 	1228 	0.40 	75.0 	75.0 	6.8 	4.6 	3 	
224	A	2	HÂMONIKA	Harmonica		890 	890 	0.64 	85.0 	90.0 	4.2 	4.5 	5 	
225	O	3	BAIORIN	Violin	248 	1158 	1158 	0.46 	90.0 	95.0 	5.3 	2.7 	5 	
226	O	1	HAIZARA	Ashtray	10 	1123 	1230 	0.50 	80.0 	90.0 	5.1 	4.5 	4 	
227	O	2	PAINAPPURU	Pineapple	173 	748 	748 	0.00 	100.0 	100.0 	3.9 	5.7 	6 	
228	A	3	HAIHÎRU	High-heeled shoes		956 	946 	0.90 	75.0 	95.0 	5.7 	2.7 	5 	
229	O	1	PAIPU	Pipe	174 	1004 	1122 	0.56 	87.5 	95.0 	6.0 	2.5 	3 	
230	C	2	HAE	Fly	93 	1204 	1204 	1.09 	72.5 	85.0 	4.0 	5.6 	2 	
231	O	3	HAKUCHOU	Swan	223 	1179 	1264 	1.25 	75.0 	90.0 	3.8 	2.9 	4 	
232	O	1	HAKO	Box	35 	963 	963 	0.00 	97.5 	97.5 	2.3 	5.4 	2 	
233	O	2	HASAMI	Scissors	197 	659 	659 	0.00 	100.0 	100.0 	3.2 	6.6 	3 	
234	O	3	HASHIGO	Ladder	131 	904 	904 	0.00 	97.5 	97.5 	4.0 	3.9 	3 	
235	O	1	BASU	Bus	39 	867 	867 	0.00 	95.0 	95.0 	2.4 	6.3 	2 	
236	O	2	BASUKETTO	Basket	20 	1004 	879 	1.21 	27.5 	87.5 	5.3 	4.3 	5 	
237	O	3	HATA	Flag	90 	798 	798 	0.00 	95.0 	95.0 	3.3 	3.5 	2 	
238	O	1	HACHI	Bee	23 	1630 	1513 	1.36 	50.0 	80.0 	3.3 	5.1 	2 	
239	O	2	BATTA	Grasshopper	110 	1082 	1082 	0.62 	90.0 	95.0 	3.6 	4.4 	3 	
240	O	3	BATTO	Baseball bat	19 	748 	748 	0.00 	100.0 	100.0 	4.2 	3.8 	3 	
241	A	1	HATO	Pigeon		1012 	1040 	0.74 	75.0 	95.0 	2.9 	5.2 	2 	
242	O	2	HANA	Flower	91 	1313 	1276 	0.89 	72.5 	77.5 	2.4 	6.6 	2 	
243	O	3	HANA	Nose	155 	781 	781 	0.00 	97.5 	97.5 	2.5 	6.2 	2 	
244	O	1	BANANA	Banana	16 	798 	798 	0.18 	90.0 	90.0 	2.0 	6.0 	3 	
245	O	2	HA-BURASHI	Toothbrush	237 	770 	770 	0.17 	95.0 	95.0 	2.8 	6.7 	4 	
246	O	3	HAMAKI	Cigar	58 	2187 	2161 	1.71 	57.5 	80.0 	7.4 	2.0 	3 	
247	A	1	BARA	Rose		802 	802 	0.00 	100.0 	100.0 	3.7 	5.0 	2 	
248	O	2	HARI	Needle	154 	911 	911 	0.18 	95.0 	95.0 	4.9 	5.1 	2 	
249	C	3	BARÊ BÔRU	Ball	14 	1039 	1039 	1.00 	92.5 	92.5 	5.6 	3.9 	6 	
250	O	1	PAN	Bread	36 	900 	900 	0.83 	97.5 	97.5 	2.0 	6.6 	2 	
251	O	2	HANGÂ	Hanger	116 	669 	669 	0.00 	97.5 	97.5 	4.5 	6.5 	4 	
252	A	3	HANKACHI	Handkerchief		1052 	1088 	1.49 	70.0 	87.5 	3.2 	5.4 	4 	
253	A	1	HANMOKKU	Hammock		1175 	1175 	0.18 	87.5 	87.5 	5.9 	2.7 	5 	
254	O	2	PÎNATTSU	Peanut	165 	1098 	1141 	0.85 	65.0 	90.0 	4.2 	5.2 	5 	
255	A	3	BÎBÂ	Beaver		2457 	2744 	3.10 	7.5 	40.0 	6.0 	2.2 	4 	
256	O	1	PÎMAN	Pepper	170 	1180 	1254 	0.77 	72.5 	85.0 	2.6 	5.8 	4 	
257	O	2	PIERO	Clown	63 	849 	849 	0.00 	97.5 	97.5 	4.6 	3.8 	3 	
258	O	3	HIKOUKI	Airplane	2 	902 	902 	0.17 	97.5 	97.5 	3.3 	4.2 	4 	
259	O	1	PISUTORU	Gun	112 	940 	1004 	1.02 	75.0 	92.5 	4.5 	2.7 	4 	
260	O	2	HITSUJI	Sheep	202 	1437 	1405 	0.71 	72.5 	82.5 	3.7 	4.6 	3 	
261	O	3	HITOSASHI-YUBI	Finger	88 	896 	896 	1.12 	97.5 	97.5 	4.2 	6.3 	6 	
262	A	1	HIMAWARI	Sunflower		904 	904 	0.00 	100.0 	100.0 	3.1 	5.1 	4 	
263	O	2	HYOU	Leopard	136 	1090 	1304 	1.46 	60.0 	95.0 	4.4 	4.1 	2 	
264	A	3	PIRAMIDDO	Pyramid		803 	803 	0.00 	100.0 	100.0 	5.9 	3.1 	5 	
265	O	1	BIN	Bottle	32 	909 	924 	0.75 	85.0 	95.0 	3.4 	5.1 	2 	
266	O	2	FUUSHA	Windmill	256 	1142 	1142 	0.18 	90.0 	90.0 	5.6 	3.7 	3 	
267	O	3	FUUSEN	Balloon	15 	844 	844 	0.00 	95.0 	95.0 	2.7 	4.2 	4 	
268	O	1	BÛTSU	Boot	31 	1079 	1102 	1.30 	52.5 	97.5 	6.4 	5.3 	3 	
269	O	2	FUUTOU	Envelope	85 	1015 	994 	1.14 	42.5 	95.0 	4.6 	5.9 	4 	
270	A	3	PÛRU	Swimming pool		1093 	1093 	0.00 	100.0 	100.0 	3.2 	4.5 	3 	
271	O	1	FUE	Whistle	255 	1236 	1225 	0.29 	95.0 	100.0 	3.5 	4.1 	2 	
272	O	2	FÔKU	Fork	97 	877 	877 	0.17 	97.5 	97.5 	3.1 	6.5 	3 	
273	O	3	FUKUROU	Owl	160 	1158 	1158 	0.00 	97.5 	97.5 	4.4 	3.0 	4 	
274	O	1	BUTA	Pig	172 	1066 	1066 	0.18 	90.0 	90.0 	2.5 	4.3 	2 	
275	C	2	FUDE	Paintbrush	161 	1082 	1229 	1.40 	77.5 	95.0 	4.5 	4.8 	2 	
276	O	3	BUDOU	Grapes	109 	1130 	1130 	0.00 	97.5 	97.5 	2.9 	4.8 	3 	
277	O	1	FURAIPAN	Frying pan	101 	842 	842 	0.18 	92.5 	92.5 	3.6 	6.0 	5 	
278	O	2	BURAUSU	Blouse	29 	1504 	1640 	2.54 	32.5 	95.0 	5.4 	6.3 	4 	
279	O	3	BURASHI	Brush	38 	994 	994 	0.18 	92.5 	92.5 	4.1 	4.8 	3 	
280	O	1	BURANKO	Swing	225 	1522 	1522 	0.34 	92.5 	92.5 	2.1 	5.2 	4 	
281	O	2	FURÛTO	Flute	92 	1372 	1331 	1.17 	70.0 	80.0 	6.4 	5.7 	4 	
282	O	3	PURÊYÂ	Record player	184 	2321 	1876 	2.24 	27.5 	80.0 	5.8 	5.0 	5 	
283	A	1	BUROKKU	Block		1390 	1202 	0.94 	60.0 	92.5 	4.7 	4.1 	4 	
284	O	2	BESUTO	Vest	247 	1509 	1387 	1.24 	57.5 	90.0 	5.8 	4.5 	3 	
285	O	3	BEDDO	Bed	22 	822 	822 	0.00 	97.5 	97.5 	4.0 	5.6 	3 	
286	O	1	HEBI	Snake	209 	694 	694 	0.00 	100.0 	100.0 	3.0 	3.7 	2 	
287	A	2	PERIKAN	Pelican		1504 	1482 	1.25 	75.0 	82.5 	5.0 	3.7 	4 	
288	O	3	HERIKOPUTÂ	Helicopter	120 	880 	880 	0.17 	97.5 	97.5 	4.1 	3.0 	6 	
289	O	1	BERU	Bell	25 	828 	941 	1.36 	50.0 	95.0 	4.2 	3.8 	2 	
290	O	2	BERUTO	Belt	26 	874 	929 	0.29 	92.5 	97.5 	5.0 	6.2 	3 	
291	O	3	HERUMETTO	Football helmet	96 	1560 	1627 	1.13 	57.5 	65.0 	5.3 	3.9 	5 	
292	A	1	HERUMETTO	Motorcycle helmet		873 	873 	0.34 	95.0 	95.0 	5.4 	3.5 	5 	
293	O	2	PENGIN	Penguin	169 	1017 	1017 	0.00 	92.5 	92.5 	3.5 	4.5 	4 	
294	A	3	BENCHI	Bench		1187 	1189 	0.89 	75.0 	87.5 	4.5 	4.9 	3 	
295	C	1	PENCHI	Pliers	176 	1265 	1258 	0.37 	82.5 	85.0 	5.8 	3.6 	3 	
296	O	2	HOUKI	Broom	37 	993 	993 	0.17 	95.0 	95.0 	4.0 	5.4 	3 	
297	O	3	BOUSHI	Cap	46 	1018 	1018 	0.34 	95.0 	95.0 	2.7 	5.1 	3 	
298	O	1	BOUSHI	Hat	118 	770 	770 	0.00 	92.5 	92.5 	2.3 	5.5 	3 	
299	A	2	HOUCHOU	Kitchen knife		841 	851 	0.55 	90.0 	97.5 	4.0 	6.3 	4 	
300	O	3	BÔRU	Bowl	34 	1782 	1623 	2.43 	27.5 	92.5 	5.2 	4.9 	3 	
301	O	1	BÔRU-PEN	Pen	167 	1163 	1163 	1.43 	90.0 	90.0 	4.8 	6.5 	5 	
302	O	2	HOSHI	Star	217 	698 	698 	0.17 	95.0 	95.0 	3.0 	6.2 	2 	
303	O	3	BOTAN	Button	41 	773 	773 	0.00 	97.5 	97.5 	3.1 	5.6 	3 	
304	A	1	HONE	Bone		948 	948 	0.00 	100.0 	100.0 	3.9 	3.6 	2 	
305	O	2	PORI-BAKETSU	Garbage can	102 	1081 	1173 	1.73 	72.5 	100.0 	5.4 	4.4 	5 	
306	O	3	HORUN	French horn	99 	2062 	1995 	1.96 	37.5 	77.5 	7.4 	2.6 	3 	
307	O	1	HON	Book	30 	716 	716 	0.18 	87.5 	87.5 	2.1 	6.3 	2 	
308	A	2	HON-DANA	Bookshelf		1242 	1217 	1.65 	87.5 	92.5 	4.5 	5.9 	4 	
309	A	3	MATSU	Japanese pine		1090 	1109 	0.57 	85.0 	92.5 	5.0 	4.0 	2 	
310	C	1	MADO	Window	257 	910 	936 	0.55 	90.0 	97.5 	2.3 	6.3 	2 	
311	A	2	MAYU-GE	Eyebrow		1285 	1336 	1.96 	57.5 	85.0 	3.7 	6.6 	3 	
312	A	3	MANNENHITSU	Fountain pen		1237 	1081 	1.21 	57.5 	100.0 	6.7 	3.4 	6 	
313	O	1	MIKA-DUKI	Moon	146 	1009 	1009 	0.89 	97.5 	97.5 	5.1 	5.3 	4 	
314	O	2	MIKAN	Orange	158 	1121 	1207 	1.57 	62.5 	87.5 	2.8 	6.5 	3 	
315	A	3	MISHIN	Sewing machine		843 	843 	0.00 	100.0 	100.0 	4.9 	3.9 	3 	
316	C	1	MIZUSASHI	Pitcher	175 	2982 	3264 	3.68 	10.0 	55.0 	7.2 	3.2 	4 	
317	O	2	MIMI	Ear	83 	1332 	1332 	0.00 	97.5 	97.5 	2.5 	6.8 	2 	
318	O	3	ME	Eye	86 	783 	783 	0.17 	97.5 	97.5 	2.5 	6.5 	1 	
319	O	1	MEGANE	Glasses	105 	681 	681 	0.17 	95.0 	95.0 	3.0 	5.9 	3 	
320	A	2	MERON	Melon		957 	957 	0.00 	97.5 	97.5 	3.3 	6.0 	3 	
321	O	3	MENBOU	Rolling pin	190 	1431 	1689 	2.14 	22.5 	32.5 	6.6 	3.7 	4 	
322	O	1	MONOSASHI	Ruler	192 	1093 	976 	0.61 	15.0 	100.0 	4.8 	5.4 	4 	
323	A	2	MONORÊRU	Monorail		2846 	2803 	1.02 	40.0 	45.0 	5.3 	4.6 	5 	
324	O	3	MOMO	Peach	163 	1802 	1850 	1.76 	60.0 	80.0 	3.2 	5.0 	2 	
325	O	1	YAKAN	Kettle	127 	823 	823 	0.00 	100.0 	100.0 	3.5 	5.8 	3 	
326	O	2	YAGI	Goat	107 	1368 	1349 	0.39 	90.0 	97.5 	3.6 	4.2 	2 	
327	O	3	YAJIRUSHI	Arrow	8 	767 	767 	0.17 	97.5 	97.5 	4.7 	5.0 	4 	
328	O	1	YASURI	Nail file	152 	1773 	1731 	1.91 	45.0 	90.0 	6.7 	3.3 	3 	
329	C	2	YAMA	Mountain	148 	942 	942 	0.51 	90.0 	90.0 	2.8 	6.3 	2 	
330	A	3	YUUBIN-UKE	Mail box		974 	1179 	1.74 	12.5 	92.5 	5.1 	5.2 	6 	
331	O	1	YUKI-DARUMA	Snowman	210 	935 	935 	0.00 	97.5 	97.5 	2.7 	4.9 	5 	
332	C	2	YUBINUKI	Thimble	230 	2345 	2472 	2.49 	17.5 	45.0 	6.9 	3.3 	4 	
333	O	3	YUBIWA	Ring	187 	1082 	1174 	0.39 	90.0 	97.5 	4.0 	4.3 	3 	
334	A	1	YURI	Lily		1396 	1457 	0.91 	80.0 	87.5 	5.2 	4.5 	2 	
335	O	2	YOU-NASHI	Pear	166 	1446 	1455 	1.50 	87.5 	95.0 	5.5 	5.0 	4 	
336	A	3	YÔYÔ	Yo-yo		1604 	1604 	0.20 	80.0 	80.0 	4.0 	3.4 	4 	
337	O	1	YOTTO	Sailboat	193 	918 	892 	0.40 	85.0 	92.5 	4.1 	2.9 	3 	
338	A	2	YOTTO	Yacht		907 	907 	0.17 	97.5 	97.5 	4.3 	3.8 	3 	
339	O	3	RAION	Lion	140 	782 	782 	0.00 	100.0 	100.0 	3.1 	3.2 	4 	
340	O	1	RAKUDA	Camel	43 	1198 	1198 	0.17 	97.5 	97.5 	4.1 	2.9 	3 	
341	O	2	RAGUBÎ BÔRU	Football	95 	992 	992 	0.68 	90.0 	90.0 	6.7 	3.3 	7 	
342	O	3	RAKETTO	Tennis racket	229 	841 	841 	1.37 	90.0 	95.0 	5.4 	4.3 	4 	
343	A	1	RAJIO	Radio		974 	974 	0.17 	95.0 	95.0 	4.9 	4.9 	3 	
344	O	2	RISU	Squirrel	216 	975 	975 	0.18 	92.5 	92.5 	3.3 	5.7 	2 	
345	A	3	RISU	Squirrel		1319 	1506 	1.42 	50.0 	75.0 	3.3 	3.1 	2 	
346	O	1	RIBON	Bow	33 	788 	788 	0.17 	95.0 	95.0 	2.6 	5.0 	3 	
347	O	2	RINGO	Apple	6 	941 	941 	0.17 	95.0 	95.0 	2.5 	6.4 	3 	
348	O	3	REIZOUKO	Refrigerator	185 	1116 	1116 	0.18 	92.5 	92.5 	3.3 	6.4 	5 	
349	O	1	REMON	Lemon	135 	816 	816 	0.00 	97.5 	97.5 	3.1 	5.7 	3 	
350	O	2	ROUSOKU	Candle	44 	791 	791 	0.00 	100.0 	100.0 	4.0 	4.8 	4 	
351	A	3	RÔPUUEI	Aerial cableway		1820 	1668 	2.00 	45.0 	75.0 	5.9 	3.0 	5 	
352	O	1	RÔRÂ-SUKÊTO	Roller skate	189 	2806 	2916 	0.82 	55.0 	60.0 	5.1 	3.4 	8 	
353	A	2	ROKETTO	Rocket		1478 	1478 	0.35 	90.0 	90.0 	4.2 	3.5 	4 	
354	O	3	ROKKINGU CHIEÂ	Rocking chair	188 	1894 	1899 	1.78 	20.0 	85.0 	7.2 	2.0 	8 	
355	O	1	ROBA	Donkey	75 	1452 	1329 	1.30 	37.5 	85.0 	4.0 	2.9 	2 	
356	C	2	WAI-SHATSU	Shirt	203 	1430 	1479 	1.58 	72.5 	85.0 	5.7 	5.9 	4 	
357	O	3	WASHI	Eagle	82 	1180 	1215 	1.14 	70.0 	92.5 	4.7 	2.7 	2 	
358	A	1	WASHI	Eagle		1316 	1400 	2.00 	32.5 	87.5 	5.3 	2.7 	2 	
359	O	2	WANI	Alligator	3 	812 	812 	0.00 	97.5 	97.5 	3.5 	4.1 	2 